=========================================
17.635395
4.784456
9.960917
6.406723
2.355501
11.349337
7.328312
1.596012
0.268604
8.50692
11.097854
4.930957
15.87967
12.450352
3.943911
8.779638
9.15275
0.373186
10.84931
6.649075
15.9238
12.754499
11.824553
12.803621
17.719149
5.809762
9.510878
2.070904
1.820773
16.160583
12.52037
10.714801
16.465651
0.855812
0.367728
7.065116
5.752658
1.827957
3.690278
15.172815
-0.749314
1.919153
7.987985
0.738016
1.162253
14.500212
13.424766
6.948608
12.504187
12.563004
11.40083
12.008317
5.703627
14.662149
8.504237
6.986638
10.632871
10.678434
7.842011
=========================================
3.192147
8.674413
15.184458
9.947455
15.960312
13.90626
2.820561
10.669669
9.6113
4.549066
14.628189
11.374492
9.144803
14.602367
0.806202
9.73492
13.567246
2.949883
9.798899
13.458234
14.946629
12.766025
-0.209688
5.466673
10.507124
9.232255
12.918706
9.262687
8.612297
10.315063
0.587928
3.551864
16.485006
8.805474
-0.467944
12.273413
6.411246
3.78282
=========================================
