=========================================
14.677572
4.465468
17.476118
10.536821
13.14127
8.561663
14.357128
4.617451
11.094089
13.55205
10.204168
4.382458
14.600666
17.486496
15.29954
1.908628
7.703482
5.70574
1.919004
15.115818
1.054109
7.734611
7.201758
14.050112
2.113712
5.335246
1.266518
13.489181
9.640798
13.082065
17.031769
6.06708
4.229255
12.38319
4.735862
13.83465
19.711296
16.055178
2.794275
12.323984
11.08005
2.641682
18.973358
12.090214
14.879604
2.417066
16.552019
0.339976
13.226112
1.024812
1.111484
10.53499
7.414777
0.002441
8.036134
6.847744
10.417799
4.917753
3.366192
=========================================
6.985077
19.338968
6.827601
8.849147
2.987152
0.822169
0.03296
8.952909
10.773644
17.207556
18.165838
3.28135
14.833827
3.517563
7.600329
4.548479
9.759819
12.441786
15.155492
5.319986
17.805109
12.813501
11.520738
17.762383
18.039492
14.85702
12.237922
19.844967
1.485031
14.058657
15.582751
4.856105
16.603901
15.550402
6.746421
1.12125
19.5056
10.875576
=========================================
