7.78
8.78
9.76
9.79
10.72
10.72
10.75
10.77
10.79
11.73
11.73
11.75
11.77
11.79
11.81
11.81
12.15
12.17
12.17
12.75
12.77
12.77
12.79
12.81
13.75
13.77
13.77
13.80
13.82
14.73
14.76
14.78
14.78
14.80
15.76
15.78
15.78
16.74
16.76
16.76
16.78
17.76
17.79
18.75
18.77
18.79
18.81
18.83
18.83
18.85
18.87
18.87
19.75
19.77
19.79
19.81
19.81
20.75
20.77
20.77
20.79
20.81
20.84
21.75
21.77
21.77
21.80
22.76
22.78
22.78
22.80
23.72
23.74
23.76
23.78
23.78
23.80
23.82
23.82
23.84
23.87
23.89
23.91
23.93
23.93
23.95
23.97
23.97
23.99
24.01
24.04
24.06
24.08
24.08
24.10
24.12
24.12
24.14
24.16
24.19
24.21
24.23
24.23
24.25
24.27
24.29
24.29
24.31
24.33
24.36
24.38
24.38
24.40
24.42
24.44
24.44
24.46
24.48
24.51
24.53
24.53
24.55
24.57
24.59
24.61
24.61
24.63
24.65
24.68
24.68
24.70
24.72
24.74
24.76
24.76
24.78
24.80
24.83
24.83
24.85
24.87
24.89
24.91
24.93
24.93
24.95
24.97
24.97
25.00
25.02
25.04
25.06
25.08
25.08
25.10
25.12
25.15
25.15
25.17
25.19
25.21
25.23
25.23
25.25
25.27
25.27
25.29
25.32
25.34
25.36
25.38
25.38
25.40
25.42
25.42
25.44
25.47
25.49
25.51
25.53
25.53
25.55
25.57
25.57
25.59
25.61
25.64
25.66
25.68
25.68
25.70
25.72
25.72
25.74
25.76
25.79
25.81
25.83
25.83
25.85
25.87
25.89
25.89
25.91
25.93
26.08
26.11
26.13
26.13
26.15
26.17
26.19
26.21
26.21
26.23
26.62
26.72
26.72
26.75
26.77
26.79
26.81
26.83
26.83
27.19
27.21
27.56
27.73
27.75
27.75
27.77
27.79
27.81
27.81
27.83
27.85
27.88
27.90
27.90
27.92
27.94
27.96
27.96
27.98
28.00
28.03
28.05
28.05
28.07
28.09
28.11
28.13
28.13
28.15
28.17
28.17
28.20
28.35
28.37
28.39
28.41
28.43
28.43
28.45
28.71
28.73
28.75
28.75
28.77
28.77
28.79
28.81
28.84
29.75
29.77
29.77
29.80
29.82
30.73
30.76
30.78
30.78
30.80
31.74
31.76
31.78
31.80
31.80
31.82
31.82
31.84
31.87
31.89
31.91
31.93
31.95
31.95
31.97
31.99
31.99
32.01
32.04
32.06
32.08
32.10
32.10
32.12
32.14
32.14
32.16
32.19
32.21
32.23
32.23
32.25
32.36
32.38
32.40
32.40
32.42
32.44
32.44
32.46
32.48
32.51
32.53
32.55
32.55
32.57
32.59
32.61
32.61
32.63
32.65
32.68
32.68
32.70
32.72
32.74
32.76
32.76
32.78
32.80
32.83
32.83
32.85
32.87
32.89
32.91
32.93
32.93
32.95
32.97
32.99
33.00
33.02
33.04
33.06
33.08
33.08
33.10
33.12
33.12
33.15
33.17
33.72
33.74
33.74
33.76
33.79
33.81
33.83
33.83
33.85
33.87
33.89
33.89
33.91
34.30
34.30
34.32
34.75
34.75
34.77
34.79
34.81
34.83
35.15
35.15
35.53
35.56
35.58
35.73
35.75
35.75
35.77
35.79
35.81
35.81
35.83
35.85
35.88
36.73
36.75
36.75
36.77
36.79
36.79
36.81
37.75
37.77
37.80
37.80
38.76
38.78
38.80
38.80
39.72
39.74
39.76
39.78
39.80
39.80
39.82
39.84
39.84
39.87
39.89
39.91
39.93
39.95
39.95
39.97
39.99
39.99
40.01
40.04
40.06
40.08
40.10
40.10
40.12
40.12
40.14
40.16
40.19
40.21
40.23
40.25
40.25
40.27
40.29
40.29
40.31
40.33
40.36
40.38
40.40
40.40
40.42
40.44
40.44
40.46
40.48
40.51
40.53
40.55
40.55
40.57
40.59
40.61
40.61
40.63
40.65
40.68
40.70
40.70
40.72
40.74
40.76
40.76
40.78
40.80
40.83
40.85
40.85
40.87
40.89
40.91
40.93
40.93
40.95
40.97
41.00
41.00
41.02
41.04
41.06
41.08
41.08
41.10
41.12
41.15
41.15
41.17
41.19
41.21
41.23
41.25
41.25
41.27
41.29
41.29
41.32
41.34
41.36
41.38
41.40
41.40
41.42
41.44
41.44
41.47
41.49
41.51
41.53
41.55
41.55
41.57
41.59
41.59
41.61
41.64
41.66
41.68
41.70
41.70
41.72
41.74
41.74
41.76
41.79
41.81
41.83
41.98
42.00
42.00
42.02
42.04
42.04
42.06
42.08
42.25
42.28
42.30
42.30
42.32
42.34
42.36
42.36
42.49
42.51
42.53
42.53
42.55
42.57
42.60
42.60
42.62
42.64
42.72
42.75
42.75
42.77
42.79
42.81
42.83
42.85
42.85
42.87
42.89
42.89
42.92
42.98
43.00
43.00
43.02
43.04
43.04
43.07
43.09
43.11
43.13
43.15
43.15
43.17
43.19
43.19
43.21
43.24
43.26
43.28
43.30
43.30
43.32
43.34
43.34
43.36
43.39
43.41
43.47
43.49
43.49
43.51
43.53
43.56
43.58
43.60
43.60
43.62
43.64
43.64
43.66
43.68
43.71
43.73
43.75
43.75
43.77
43.79
43.81
43.81
43.83
43.85
43.88
43.90
43.90
43.92
43.94
43.96
43.96
43.98
44.00
44.03
44.05
44.05
44.07
44.09
44.11
44.13
44.13
44.15
44.17
44.20
44.20
44.22
44.24
44.26
44.28
44.28
44.30
44.32
44.35
44.35
44.37
44.39
44.41
44.43
44.45
44.45
44.47
44.49
44.49
44.52
44.54
44.56
44.58
44.60
44.60
44.62
44.64
44.64
44.67
44.69
44.71
44.73
44.75
44.75
44.77
44.79
44.79
44.81
44.84
44.86
44.88
44.90
44.90
44.92
44.94
44.94
44.96
44.99
45.01
45.03
45.05
45.05
45.07
45.09
45.09
45.11
45.13
45.16
45.18
45.20
45.20
45.22
45.24
45.24
45.26
45.28
45.31
45.33
45.35
45.35
45.37
45.39
45.41
45.41
45.43
45.45
45.48
45.50
45.50
45.52
45.54
45.56
45.56
45.58
45.60
45.63
45.65
45.65
45.67
45.69
45.71
45.73
45.73
45.75
45.77
45.80
45.80
45.82
45.84
45.86
45.88
45.88
45.90
45.92
45.95
45.95
45.97
45.99
46.01
46.03
46.05
46.05
46.07
46.09
46.09
46.12
46.14
46.16
46.18
46.20
46.20
46.22
46.24
46.24
46.27
46.29
46.31
46.33
46.35
46.35
46.37
46.39
46.39
46.41
46.44
46.46
46.48
46.50
46.50
46.52
46.54
46.54
46.56
46.59
46.61
46.63
46.65
46.65
46.67
46.69
46.69
46.71
46.73
46.76
46.78
46.80
46.80
46.82
46.84
46.84
46.86
46.88
46.91
46.93
46.95
46.95
46.97
46.99
47.01
47.01
47.03
47.05
47.08
47.10
47.10
47.12
47.14
47.16
47.16
47.18
47.20
47.23
47.25
47.25
47.27
47.29
47.31
47.33
47.33
47.35
47.37
47.40
47.40
47.42
47.44
47.46
47.48
47.48
47.50
47.52
47.55
47.55
47.57
47.59
47.61
47.63
47.65
47.65
47.67
47.69
47.69
47.72
47.74
47.76
47.78
47.80
47.80
47.82
47.84
47.84
47.87
47.89
47.91
47.93
47.95
47.95
47.97
47.99
47.99
48.01
48.04
48.06
48.08
48.10
48.10
48.12
48.14
48.14
48.16
48.19
48.21
48.23
48.25
48.25
48.27
48.29
48.29
48.31
48.33
48.36
48.38
48.40
48.40
48.42
48.44
48.44
48.46
48.48
48.51
48.53
48.55
48.55
48.57
48.59
48.61
48.61
48.63
48.65
48.68
48.70
48.70
48.72
48.74
48.76
48.76
48.78
48.80
48.83
48.85
48.85
48.87
48.89
48.91
48.93
48.93
48.95
48.97
49.00
49.00
49.02
49.04
49.06
49.08
49.08
49.10
49.12
49.15
49.15
49.17
49.19
49.21
49.23
49.25
49.25
49.27
49.29
49.29
49.32
49.34
49.36
49.38
49.40
49.40
49.42
49.44
49.44
49.47
49.49
49.51
49.53
49.55
49.55
49.57
49.59
49.59
49.61
49.64
49.66
49.68
49.70
49.70
49.72
49.74
49.74
49.76
49.79
49.81
49.83
49.85
49.85
49.87
49.89
49.89
49.91
49.93
49.96
49.98
50.00
50.00
50.02
50.04
50.04
50.06
50.08
50.11
50.13
50.15
50.15
50.17
50.19
50.21
50.21
50.23
50.25
50.28
50.30
50.30
50.32
50.34
50.36
50.36
50.38
50.40
50.43
50.45
50.45
50.47
50.49
50.51
50.53
50.53
50.55
50.57
50.60
50.60
50.62
50.64
50.66
50.68
50.68
50.70
50.72
50.75
50.75
50.77
50.79
50.81
50.83
50.85
50.85
50.87
50.89
50.89
50.92
50.94
50.96
50.98
51.00
51.00
51.02
51.04
51.04
51.07
51.09
51.11
51.13
51.15
51.15
51.24
51.26
51.28
51.30
51.30
51.32
51.34
51.34
51.36
51.47
51.49
51.49
51.51
51.53
51.56
51.58
51.60
51.60
51.73
51.75
51.75
51.77
51.79
51.81
51.81
52.00
52.03
52.24
52.26
52.28
52.28
52.49
52.49
52.52
52.73
52.75
52.75
52.77
52.79
52.79
52.81
52.99
53.01
53.03
53.24
53.24
53.26
53.28
53.50
53.50
53.52
53.54
53.56
53.56
53.73
53.73
53.75
53.77
53.80
53.80
53.82
53.84
53.99
54.01
54.03
54.05
54.05
54.07
54.09
54.09
54.12
54.24
54.24
54.27
54.29
54.31
54.33
54.35
54.35
54.37
54.50
54.50
54.52
54.54
54.54
54.56
54.59
54.61
54.63
54.65
54.65
54.71
54.73
54.76
54.78
54.80
54.80
54.82
54.84
54.84
54.86
54.88
55.01
55.01
55.03
55.05
55.08
55.10
55.10
55.12
55.14
55.27
55.29
55.31
55.50
55.52
55.55
55.55
55.57
55.59
55.61
55.72
55.74
55.76
55.78
55.80
55.80
55.82
55.84
55.84
55.87
55.89
55.91
55.93
55.95
55.95
55.97
55.99
55.99
56.01
56.04
56.06
56.08
56.10
56.10
56.12
56.14
56.14
56.16
56.19
56.21
56.23
56.25
56.25
56.27
56.29
56.29
56.31
56.33
56.36
56.38
56.40
56.40
56.42
56.44
56.44
56.46
56.48
56.51
56.53
56.55
56.55
56.57
56.59
56.61
56.61
56.63
56.65
56.68
56.70
56.70
56.72
56.74
56.76
56.76
56.78
56.80
56.83
56.85
56.85
56.87
56.89
56.91
56.93
56.93
56.95
56.97
57.00
57.00
57.02
57.04
57.06
57.08
57.08
57.10
57.12
57.15
57.15
57.17
57.19
57.21
57.23
57.25
57.25
57.27
57.29
57.29
57.32
57.34
57.36
57.38
57.40
57.40
57.42
57.44
57.44
57.47
57.49
57.51
57.53
57.55
57.55
57.57
57.59
57.59
57.61
57.64
57.66
57.68
57.70
57.70
57.72
57.74
57.74
57.76
57.79
57.81
57.83
57.85
57.85
57.87
57.89
57.89
57.91
57.96
57.98
58.00
58.00
58.02
58.04
58.04
58.23
58.25
58.28
58.34
58.49
58.51
58.53
58.53
58.55
58.57
58.60
58.60
58.62
58.64
58.66
58.72
58.75
58.75
58.77
58.79
58.81
58.83
58.85
58.85
58.98
59.00
59.00
59.02
59.04
59.04
59.21
59.24
59.26
59.28
59.30
59.30
59.47
59.49
59.49
59.51
59.53
59.56
59.58
59.60
59.60
59.73
59.75
59.75
59.77
59.79
59.81
59.81
59.83
59.85
59.88
59.90
59.90
59.92
59.94
59.96
59.96
59.98
60.00
60.03
60.05
60.05
60.07
60.09
60.11
60.13
60.13
60.15
60.17
60.20
60.20
60.22
60.24
60.26
60.28
60.28
60.30
60.32
60.35
60.35
60.37
60.39
60.41
60.43
60.45
60.45
60.47
60.49
60.49
60.52
60.54
60.56
60.58
60.60
60.60
60.62
60.64
60.64
60.67
60.69
60.71
60.73
60.75
60.75
60.77
60.79
60.79
60.81
60.84
60.86
60.88
60.90
60.90
60.92
60.94
60.94
60.96
60.99
61.01
61.03
61.05
61.05
61.07
61.09
61.09
61.11
61.13
61.16
61.18
61.24
61.24
61.26
61.28
61.31
61.33
61.35
61.35
61.37
61.39
61.41
61.41
61.43
61.48
61.50
61.50
61.52
61.54
61.56
61.56
61.58
61.60
61.63
61.65
61.65
61.73
61.73
61.75
61.77
61.80
61.80
61.82
61.84
61.86
61.88
61.88
61.90
61.92
61.95
61.95
61.99
62.01
62.03
62.05
62.05
62.07
62.09
62.09
62.12
62.14
62.16
62.18
62.27
62.29
62.31
62.33
62.35
62.35
62.37
62.39
62.39
62.48
62.50
62.50
62.52
62.54
62.54
62.56
62.59
62.61
62.63
62.65
62.65
62.73
62.76
62.78
62.80
62.80
62.82
62.84
62.84
62.86
62.99
63.01
63.01
63.03
63.05
63.08
63.10
63.10
63.12
63.14
63.25
63.25
63.27
63.29
63.31
63.50
63.52
63.55
63.55
63.57
63.72
63.74
63.76
63.78
63.80
63.80
63.82
63.84
63.84
63.87
63.89
63.91
63.93
63.95
63.95
63.97
63.99
63.99
64.01
64.04
64.06
64.08
64.10
64.10
64.12
64.14
64.14
64.16
64.19
64.21
64.23
64.25
64.27
64.27
64.29
64.29
64.31
64.33
64.36
64.38
64.46
64.48
64.51
64.53
64.55
64.55
64.57
64.59
64.61
64.61
64.63
64.65
64.68
64.70
64.72
64.72
64.74
64.76
64.76
64.78
64.80
64.83
64.85
64.85
64.87
64.89
64.95
64.97
65.00
65.00
65.02
65.04
65.06
65.08
65.08
65.10
65.12
65.15
65.17
65.17
65.19
65.21
65.23
65.25
65.25
65.27
65.29
65.29
65.32
65.34
65.36
65.38
65.40
65.40
65.42
65.44
65.47
65.47
65.49
65.51
65.53
65.55
65.55
65.57
65.59
65.61
65.61
65.64
65.66
65.68
65.70
65.70
65.72
65.74
65.74
65.76
65.79
65.81
65.83
65.85
65.87
65.87
65.89
65.89
65.91
65.93
65.96
65.98
66.00
66.00
66.02
66.04
66.04
66.06
66.08
66.11
66.13
66.15
66.15
66.23
66.25
66.28
66.30
66.30
66.32
66.34
66.36
66.36
66.38
66.40
66.43
66.49
66.51
66.53
66.53
66.55
66.57
66.60
66.62
66.62
66.64
66.66
66.68
66.68
66.70
66.72
66.75
66.75
66.77
66.79
66.81
66.83
66.85
66.85
66.87
66.89
66.89
66.92
66.98
67.00
67.00
67.02
67.04
67.07
67.07
67.09
67.11
67.13
67.15
67.15
67.17
67.19
67.21
67.21
67.24
67.26
67.28
67.30
67.30
67.32
67.34
67.34
67.36
67.39
67.41
67.43
67.45
67.47
67.47
67.49
67.51
67.51
67.53
67.56
67.58
67.60
67.60
67.62
67.64
67.64
67.66
67.68
67.73
67.75
67.77
67.77
67.79
67.81
67.81
67.83
67.85
67.88
67.90
67.90
67.92
67.94
67.96
67.96
67.98
68.00
68.03
68.05
68.07
68.07
68.09
68.11
68.13
68.13
68.15
68.17
68.20
68.20
68.22
68.24
68.26
68.28
68.28
68.30
68.32
68.35
68.35
68.37
68.39
68.41
68.43
68.45
68.45
68.47
68.49
68.52
68.52
68.54
68.56
68.58
68.60
68.60
68.62
68.64
68.67
68.67
68.71
68.73
68.75
68.77
68.77
68.79
68.80
68.81
68.84
68.86
68.88
68.90
68.90
68.92
68.99
69.01
69.03
69.05
69.07
69.07
69.09
69.09
69.11
69.13
69.16
69.24
69.24
69.26
69.28
69.31
69.33
69.35
69.37
69.37
69.39
69.41
69.41
69.48
69.50
69.52
69.52
69.54
69.56
69.56
69.58
69.60
69.63
69.73
69.73
69.75
69.77
69.80
69.82
69.82
69.84
69.86
69.88
69.88
69.90
69.92
69.95
69.97
69.97
69.99
70.01
70.03
70.05
70.05
70.07
70.09
70.12
70.12
70.14
70.24
70.24
70.27
70.29
70.31
70.33
70.35
70.37
70.37
70.48
70.50
70.52
70.52
70.54
70.56
70.56
70.59
70.61
70.63
70.73
70.76
70.78
70.80
70.82
70.82
70.84
70.84
71.01
71.01
71.03
71.05
71.25
71.27
71.27
71.29
71.48
71.48
71.50
71.52
71.55
71.72
71.72
71.74
71.76
71.78
71.80
71.82
71.84
71.87
71.87
71.89
71.91
71.93
71.95
71.97
71.97
71.99
72.01
72.01
72.04
72.06
72.08
72.10
72.12
72.12
72.14
72.16
72.16
72.19
72.21
72.23
72.25
72.27
72.27
72.29
72.31
72.31
72.33
72.36
72.38
72.40
72.42
72.42
72.44
72.46
72.46
72.48
72.51
72.53
72.55
72.57
72.57
72.59
72.61
72.61
72.63
72.65
72.68
72.70
72.72
72.72
72.74
72.76
72.76
72.78
72.80
72.83
72.85
72.87
72.87
72.89
72.91
72.93
72.93
72.95
72.97
73.00
73.02
73.02
73.04
73.06
73.08
73.08
73.10
73.12
73.15
73.17
73.17
73.19
73.21
73.23
73.25
73.25
73.27
73.29
73.32
73.32
73.34
73.36
73.38
73.40
73.40
73.42
73.44
73.47
73.47
73.49
73.51
73.53
73.55
73.57
73.57
73.59
73.61
73.61
73.64
73.66
73.68
73.70
73.72
73.72
73.74
73.76
73.76
73.79
73.81
73.83
73.85
73.87
73.87
73.89
73.91
73.91
73.93
73.96
73.98
74.00
74.02
74.02
74.04
74.06
74.06
74.08
74.11
74.13
74.15
74.17
74.17
74.19
74.21
74.21
74.23
74.25
74.28
74.30
74.32
74.32
74.34
74.36
74.36
74.38
74.40
74.43
74.45
74.47
74.47
74.49
74.51
74.53
74.53
74.55
74.57
74.60
74.62
74.62
74.64
74.66
74.68
74.68
74.70
74.72
74.75
74.77
74.77
74.79
74.81
74.83
74.85
74.85
74.87
74.89
74.92
74.92
74.94
74.96
74.98
75.00
75.00
75.02
75.04
75.07
75.07
75.09
75.11
75.13
75.15
75.17
75.17
75.19
75.21
75.21
75.24
75.26
75.28
75.30
75.32
75.32
75.34
75.36
75.36
75.39
75.41
75.43
75.45
75.47
75.47
75.49
75.51
75.51
75.53
75.56
75.58
75.60
75.62
75.62
75.64
75.66
75.66
75.68
75.71
75.73
75.75
75.77
75.77
75.79
75.81
75.81
75.83
75.85
75.88
75.90
75.92
75.92
75.94
75.96
75.96
75.98
76.00
76.03
76.05
76.07
76.07
76.09
76.11
76.13
76.13
76.15
76.17
76.20
76.22
76.22
76.24
76.26
76.28
76.28
76.30
76.32
76.35
76.37
76.37
76.39
76.41
76.43
76.45
76.45
76.47
76.49
76.52
76.52
76.54
76.56
76.58
76.60
76.60
76.62
76.64
76.67
76.67
76.69
76.71
76.73
76.75
76.77
76.77
76.79
76.81
76.81
76.84
76.86
76.88
76.90
76.92
76.92
76.94
76.96
76.96
76.99
77.01
77.03
77.05
77.07
77.07
77.09
77.11
77.11
77.13
77.16
77.18
77.20
77.22
77.22
77.24
77.26
77.26
77.28
77.31
77.33
77.35
77.37
77.37
77.39
77.41
77.41
77.43
77.45
77.48
77.50
77.52
77.52
77.54
77.56
77.56
77.58
77.60
77.63
77.65
77.67
77.67
77.69
77.71
77.73
77.73
77.75
77.77
77.80
77.82
77.82
77.84
77.86
77.88
77.88
77.90
77.92
77.95
77.97
77.97
77.99
78.01
78.03
78.05
78.05
78.07
78.09
78.12
78.12
78.14
78.16
78.18
78.20
78.20
78.22
78.24
78.27
78.27
78.29
78.31
78.33
78.35
78.37
78.37
78.39
78.41
78.41
78.44
78.46
78.48
78.50
78.52
78.52
78.54
78.56
78.56
78.59
78.61
78.63
78.65
78.67
78.67
78.69
78.71
78.71
78.73
78.76
78.78
78.80
78.82
78.82
78.84
78.86
78.86
78.88
78.91
78.93
78.95
78.97
78.97
78.99
79.01
79.01
79.03
79.05
79.08
79.10
79.12
79.12
79.14
79.16
79.16
79.18
79.20
79.23
79.25
79.27
79.27
79.29
79.31
79.33
79.33
79.35
79.37
79.40
79.42
79.42
79.44
79.46
79.48
79.48
79.50
79.52
79.55
79.57
79.57
79.59
79.61
79.63
79.65
79.65
79.67
79.69
79.72
79.72
79.74
79.76
79.78
79.80
79.80
79.82
79.84
79.87
79.87
79.89
79.91
79.93
79.95
79.97
79.97
79.99
80.01
80.01
80.04
80.06
80.08
80.10
80.12
80.12
80.14
80.16
80.16
80.19
80.21
80.23
80.25
80.27
80.27
80.29
80.31
80.31
80.33
80.36
80.38
80.40
80.42
80.42
80.44
80.46
80.46
80.48
80.51
80.53
80.55
80.57
80.57
80.59
80.61
80.61
80.63
80.65
80.68
80.70
80.72
80.72
80.74
80.76
80.76
80.78
80.80
80.83
80.85
80.87
80.87
80.89
80.91
80.93
80.93
80.95
80.97
81.00
81.02
81.02
81.04
81.06
81.08
81.08
81.10
81.12
81.15
81.17
81.17
81.19
81.21
81.23
81.25
81.25
81.27
81.29
81.32
81.32
81.34
81.36
81.38
81.40
81.40
81.42
81.44
81.47
81.47
81.49
81.51
81.53
81.55
81.57
81.57
81.59
81.61
81.61
81.64
81.66
81.68
81.70
81.72
81.72
81.74
81.76
81.76
81.79
81.81
81.83
81.85
81.87
81.87
81.89
81.91
81.91
81.93
81.96
81.98
82.00
82.02
82.02
82.04
82.06
82.06
82.08
82.11
82.13
82.15
82.17
82.17
82.19
82.21
82.21
82.23
82.25
82.28
82.30
82.32
82.32
82.34
82.36
82.36
82.38
82.40
82.43
82.45
82.47
82.47
82.49
82.51
82.53
82.53
82.55
82.57
82.60
82.62
82.62
82.64
82.66
82.68
82.68
82.70
82.72
82.75
82.77
82.77
82.79
82.81
82.83
82.85
82.85
82.87
82.89
82.92
82.92
82.94
82.96
82.98
83.00
83.00
83.02
83.04
83.07
83.07
83.09
83.11
83.13
83.15
83.17
83.17
83.19
83.21
83.21
83.24
83.26
83.28
83.30
83.32
83.32
83.34
83.36
83.36
83.39
83.41
83.43
83.45
83.47
83.47
83.49
83.51
83.51
83.53
83.56
83.58
83.60
83.62
83.62
83.64
83.66
83.66
83.68
83.71
83.73
83.75
83.77
83.77
83.79
83.81
83.81
83.83
83.85
83.88
83.90
83.92
83.92
83.94
83.96
83.96
83.98
84.00
84.03
84.05
84.07
84.07
84.09
84.11
84.13
84.13
84.15
84.17
84.20
84.22
84.22
84.24
84.26
84.28
84.28
84.30
84.32
84.35
84.37
84.37
84.39
84.41
84.43
84.45
84.45
84.47
84.49
84.52
84.52
84.54
84.56
84.58
84.60
84.60
84.62
84.64
84.67
84.67
84.69
84.71
84.73
84.75
84.77
84.77
84.79
84.81
84.81
84.84
84.86
84.88
84.90
84.92
84.92
84.94
84.96
84.96
84.99
85.01
85.03
85.05
85.07
85.07
85.09
85.11
85.11
85.13
85.16
85.18
85.20
85.22
85.22
85.24
85.26
85.26
85.28
85.31
85.33
85.35
85.37
85.37
85.39
85.41
85.41
85.43
85.45
85.48
85.50
85.52
85.52
85.54
85.56
85.56
85.58
85.60
85.63
85.65
85.67
85.67
85.69
85.71
85.73
85.73
85.75
85.77
85.80
85.82
85.82
85.84
85.86
85.88
85.88
85.90
85.92
85.95
85.97
85.97
85.99
86.01
86.03
86.05
86.05
86.07
86.09
86.12
86.12
86.14
86.16
86.18
86.20
86.20
86.22
86.24
86.27
86.27
86.29
86.31
86.33
86.35
86.37
86.37
86.39
86.41
86.41
86.44
86.46
86.48
86.50
86.52
86.52
86.54
86.56
86.56
86.59
86.61
86.63
86.65
86.67
86.67
86.69
86.71
86.71
86.73
86.76
86.78
86.80
86.82
86.82
86.84
86.86
86.86
86.88
86.91
86.93
86.95
86.97
86.97
86.99
87.01
87.01
87.03
87.05
87.08
87.10
87.12
87.12
87.14
87.16
87.16
87.18
87.20
87.23
87.25
87.27
87.27
87.29
87.31
87.33
87.33
87.35
87.37
87.40
87.42
87.42
87.44
87.46
87.48
87.48
87.50
87.52
87.55
87.57
87.57
87.59
87.61
87.63
87.65
87.65
87.67
87.69
87.72
87.72
87.74
87.76
87.78
87.80
87.80
87.82
87.84
87.87
87.87
87.89
87.91
87.93
87.95
87.97
87.97
87.99
88.01
88.01
88.04
88.06
88.08
88.10
88.12
88.12
88.14
88.16
88.16
88.19
88.21
88.23
88.25
88.27
88.27
88.29
88.31
88.31
88.33
88.36
88.38
88.40
88.42
88.42
88.44
88.46
88.46
88.48
88.51
88.53
88.55
88.57
88.57
88.59
88.61
88.61
88.63
88.65
88.68
88.70
88.72
88.72
88.74
88.76
88.76
88.78
88.80
88.83
88.85
88.87
88.87
88.89
88.91
88.93
88.93
88.95
88.97
89.00
89.02
89.02
89.04
89.06
89.08
89.08
89.10
89.12
89.15
89.17
89.17
89.19
89.21
89.23
89.25
89.25
89.27
89.29
89.32
89.32
89.34
89.36
89.38
89.40
89.40
89.42
89.44
89.47
89.47
89.49
89.51
89.53
89.55
89.57
89.57
89.59
89.61
89.61
89.64
89.66
89.68
89.70
89.72
89.72
89.74
89.76
89.76
89.79
89.81
89.83
89.85
89.87
89.87
89.89
89.91
89.91
89.93
89.96
89.98
90.00
90.02
90.02
90.04
90.06
90.06
90.08
90.11
90.13
90.15
90.17
90.17
90.19
90.21
90.21
90.23
90.25
90.28
90.30
90.32
90.32
90.34
90.36
90.36
90.38
90.40
90.43
90.45
90.47
90.47
90.49
90.51
90.53
90.53
90.55
90.57
90.60
90.62
90.62
90.64
90.66
90.68
90.68
90.70
90.72
90.75
90.77
90.77
90.79
90.81
90.83
90.85
90.85
90.87
90.89
90.92
90.92
90.94
90.96
90.98
91.00
91.00
91.02
91.04
91.07
91.07
91.09
91.11
91.13
91.15
91.17
91.17
91.19
91.21
91.21
91.24
91.26
91.28
91.30
91.32
91.32
91.34
91.36
91.36
91.39
91.41
91.43
91.45
91.47
91.47
91.49
91.51
91.51
91.53
91.56
91.58
91.60
91.62
91.62
91.64
91.66
91.66
91.68
91.71
91.73
91.75
91.77
91.77
91.79
91.81
91.81
91.83
91.85
91.88
91.90
91.92
91.92
91.94
91.96
91.96
91.98
92.00
92.03
92.05
92.07
92.07
92.09
92.11
92.13
92.13
92.15
92.17
92.20
92.22
92.22
92.24
92.26
92.28
92.28
92.30
92.32
92.35
92.37
92.37
92.39
92.41
92.43
92.45
92.45
92.47
92.49
92.52
92.52
92.54
92.56
92.58
92.60
92.60
92.62
92.64
92.67
92.67
92.69
92.71
92.73
92.75
92.77
92.77
92.79
92.81
92.81
92.84
92.86
92.88
92.90
92.92
92.92
92.94
92.96
92.96
92.99
93.01
93.03
93.05
93.07
93.07
93.09
93.11
93.11
93.13
93.16
93.18
93.20
93.22
93.22
93.24
93.26
93.26
93.28
93.31
93.33
93.35
93.37
93.37
93.39
93.41
93.41
93.43
93.45
93.48
93.50
93.52
93.52
93.54
93.56
93.56
93.58
93.60
93.63
93.65
93.67
93.67
93.69
93.71
93.73
93.73
93.75
93.77
93.80
93.82
93.82
93.84
93.86
93.88
93.88
93.90
93.92
93.95
93.97
93.97
93.99
94.01
94.03
94.05
94.05
94.07
94.09
94.12
94.12
94.14
94.16
94.18
94.20
94.20
94.22
94.24
94.27
94.27
94.29
94.31
94.33
94.35
94.37
94.37
94.39
94.41
94.41
94.44
94.46
94.48
94.50
94.52
94.52
94.54
94.56
94.56
94.59
94.61
94.63
94.65
94.67
94.67
94.69
94.71
94.71
94.73
94.76
94.78
94.80
94.82
94.82
94.84
94.86
94.86
94.88
94.91
94.93
94.95
94.97
94.97
94.99
95.01
95.01
95.03
95.05
95.08
95.10
95.12
95.12
95.14
95.16
95.16
95.18
95.20
95.23
95.25
95.27
95.27
95.29
95.31
95.33
95.33
95.35
95.37
95.40
95.42
95.42
95.44
95.46
95.48
95.48
95.50
95.52
95.55
95.57
95.57
95.59
95.61
95.63
95.65
95.65
95.67
95.69
95.72
95.72
95.74
95.76
95.78
95.80
95.80
95.82
95.84
95.87
95.87
95.89
95.91
95.93
95.95
95.97
95.97
95.99
96.01
96.01
96.04
96.06
96.08
96.10
96.12
96.12
96.14
96.16
96.16
96.19
96.21
96.23
96.25
96.27
96.27
96.29
96.31
96.31
96.33
96.36
96.38
96.40
96.42
96.42
96.44
96.46
96.46
96.48
96.51
96.53
96.55
96.57
96.57
96.59
96.61
96.61
96.63
96.65
96.68
96.70
96.72
96.72
96.74
96.76
96.76
96.78
96.80
96.83
96.85
96.87
96.87
96.89
96.91
96.93
96.93
96.95
96.97
97.00
97.02
97.02
97.04
97.06
97.08
97.08
97.10
97.12
97.15
97.17
97.17
97.19
97.21
97.23
97.25
97.25
97.27
97.29
97.32
97.32
97.34
97.36
97.38
97.40
97.40
97.42
97.44
97.47
97.47
97.49
97.51
97.53
97.55
97.57
97.57
97.59
97.61
97.61
97.64
97.66
97.68
97.70
97.72
97.72
97.74
97.76
97.76
97.79
97.81
97.83
97.85
97.87
97.87
97.89
97.91
97.91
97.93
97.96
97.98
98.00
98.02
98.02
98.04
98.06
98.06
98.08
98.11
98.13
98.15
98.17
98.17
98.19
98.21
98.21
98.23
98.25
98.28
98.30
98.32
98.32
98.34
98.36
98.38
98.38
98.40
98.43
98.45
98.47
98.47
98.49
98.51
98.53
98.53
98.55
98.57
98.60
98.62
98.62
98.64
98.66
98.68
98.68
98.70
98.72
98.75
98.77
98.77
98.79
98.81
98.83
98.85
98.85
98.87
98.89
98.92
98.92
98.94
98.96
98.98
99.00
99.00
99.02
99.04
99.07
99.07
99.09
99.11
99.13
99.15
99.17
99.17
99.19
99.21
99.21
99.24
99.26
99.28
99.30
99.32
99.32
99.34
99.36
99.36
99.39
99.41
99.43
99.45
99.47
99.47
99.49
99.51
99.51
99.53
99.56
99.58
99.60
99.62
99.62
99.64
99.66
99.66
99.68
99.71
99.73
99.75
99.77
99.79
99.79
99.81
99.83
99.83
99.85
99.88
99.90
99.92
99.92
99.94
99.96
99.98
99.98
100.00
100.03
100.05
100.07
100.09
100.09
100.11
100.13
100.13
100.15
100.17
100.20
100.22
100.22
100.24
100.26
100.28
100.28
100.30
100.32
100.35
100.37
100.37
100.39
100.41
100.43
100.45
100.45
100.47
100.49
100.52
100.52
100.54
100.56
100.58
100.60
100.60
100.62
100.64
100.67
100.69
100.69
100.71
100.73
100.75
100.77
100.77
100.79
100.81
100.81
100.84
100.86
100.88
100.90
100.92
100.92
100.94
100.96
100.99
100.99
101.01
101.03
101.05
101.07
101.09
101.09
101.11
101.11
101.13
101.16
101.18
101.20
101.22
101.24
101.24
101.26
101.28
101.28
101.31
101.33
101.35
101.37
101.39
101.39
101.41
101.43
101.43
101.45
101.48
101.50
101.52
101.54
101.54
101.56
101.58
101.58
101.60
101.63
101.65
101.67
101.67
101.69
101.71
101.73
101.73
101.75
101.77
101.80
101.82
101.84
101.84
101.86
101.88
101.88
101.90
101.92
101.95
101.97
101.99
101.99
102.01
102.03
102.05
102.05
102.07
102.09
102.12
102.14
102.14
102.16
102.18
102.20
102.20
102.22
102.24
102.27
102.29
102.29
102.31
102.33
102.35
102.37
102.37
102.39
102.41
102.44
102.44
102.46
102.48
102.50
102.52
102.52
102.54
102.56
102.59
102.59
102.61
102.63
102.65
102.67
102.69
102.69
102.71
102.73
102.73
102.76
102.78
102.80
102.82
102.84
102.84
102.86
102.88
102.88
102.91
102.93
102.95
102.97
102.97
102.99
103.01
103.03
103.03
103.05
103.08
103.10
103.12
103.14
103.14
103.16
103.18
103.18
103.20
103.23
103.25
103.27
103.29
103.29
103.31
103.33
103.33
103.35
103.37
103.40
103.42
103.44
103.44
103.46
103.48
103.48
103.50
103.52
103.55
103.57
103.59
103.59
103.61
103.63
103.65
103.65
103.67
103.69
103.72
103.74
103.74
103.76
103.78
103.80
103.80
103.82
103.84
103.87
103.89
103.89
103.91
103.93
103.95
103.97
103.97
103.99
104.01
104.04
104.04
104.06
104.08
104.10
104.12
104.12
104.14
104.16
104.19
104.19
104.21
104.23
104.25
104.27
104.29
104.29
104.31
104.33
104.33
104.36
104.38
104.40
104.42
104.44
104.44
104.46
104.48
104.48
104.51
104.53
104.55
104.57
104.59
104.59
104.61
104.63
104.63
104.65
104.68
104.70
104.72
104.74
104.74
104.76
104.78
104.78
104.80
104.83
104.85
104.87
104.89
104.89
104.91
104.93
104.93
104.95
104.97
105.00
105.02
105.04
105.04
105.06
105.08
105.08
105.10
105.12
105.15
105.17
105.19
105.19
105.21
105.23
105.25
105.25
105.27
105.29
105.32
105.34
105.34
105.36
105.38
105.40
105.40
105.42
105.44
105.47
105.49
105.49
105.51
105.53
105.55
105.57
105.57
105.59
105.61
105.64
105.64
105.66
105.68
105.70
105.72
105.72
105.74
105.76
105.79
105.79
105.81
105.83
105.85
105.87
105.89
105.89
105.91
105.93
105.93
105.96
105.98
106.00
106.02
106.04
106.04
106.06
106.08
106.08
106.11
106.13
106.15
106.17
106.19
106.19
106.21
106.23
106.23
106.25
106.28
106.30
106.32
106.34
106.34
106.36
106.38
106.38
106.40
106.43
106.45
106.47
106.49
106.49
106.51
106.53
106.53
106.55
106.57
106.60
106.62
106.64
106.64
106.66
106.68
106.68
106.70
106.72
106.75
106.77
106.79
106.79
106.81
106.83
106.85
106.85
106.87
106.89
106.92
106.94
106.94
106.96
106.98
107.00
107.00
107.02
107.04
107.07
107.09
107.09
107.11
107.13
107.15
107.17
107.17
107.19
107.21
107.24
107.24
107.26
107.28
107.30
107.32
107.32
107.34
107.36
107.39
107.39
107.41
107.43
107.45
107.47
107.49
107.49
107.51
107.53
107.53
107.56
107.58
107.60
107.62
107.64
107.64
107.66
107.68
107.68
107.71
107.73
107.75
107.77
107.79
107.79
107.81
107.83
107.83
107.85
107.88
107.90
107.92
107.94
107.94
107.96
107.98
107.98
108.00
108.03
108.05
108.07
108.09
108.09
108.11
108.13
108.13
108.15
108.17
108.20
108.22
108.24
108.24
108.26
108.28
108.28
108.30
108.32
108.35
108.37
108.39
108.39
108.41
108.43
108.45
108.45
108.47
108.49
108.52
108.54
108.54
108.56
108.58
108.60
108.60
108.62
108.64
108.67
108.69
108.69
108.71
108.73
108.75
108.77
108.77
108.79
108.81
108.84
108.84
108.86
108.88
108.90
108.92
108.92
108.94
108.96
108.99
108.99
109.01
109.03
109.05
109.07
109.09
109.09
109.11
109.13
109.13
109.16
109.18
109.20
109.22
109.24
109.24
109.26
109.28
109.28
109.31
109.33
109.35
109.37
109.39
109.39
109.41
109.43
109.43
109.45
109.48
109.50
109.52
109.54
109.54
109.56
109.58
109.58
109.60
109.63
109.65
109.67
109.69
109.69
109.71
109.73
109.73
109.75
109.77
109.80
109.82
109.84
109.84
109.86
109.88
109.88
109.90
109.92
109.95
109.97
109.99
109.99
110.01
110.03
110.05
110.05
110.07
110.09
110.12
110.14
110.14
110.16
110.18
110.20
110.20
110.22
110.24
110.27
110.29
110.29
110.31
110.33
110.35
110.37
110.37
110.39
110.41
110.44
110.44
110.46
110.48
110.50
110.52
110.52
110.54
110.56
110.59
110.59
110.61
110.63
110.65
110.67
110.69
110.69
110.71
110.73
110.73
110.76
110.78
110.80
110.82
110.84
110.84
110.86
110.88
110.88
110.91
110.93
110.95
110.97
110.99
110.99
111.01
111.03
111.03
111.05
111.08
111.10
111.12
111.14
111.14
111.16
111.18
111.18
111.20
111.23
111.25
111.27
111.29
111.29
111.31
111.33
111.33
111.35
111.37
111.40
111.42
111.44
111.44
111.46
111.48
111.48
111.50
111.52
111.55
111.57
111.59
111.59
111.61
111.63
111.65
111.65
111.67
111.69
111.72
111.74
111.74
111.76
111.78
111.80
111.80
111.82
111.84
111.87
111.89
111.89
111.97
111.97
111.99
112.01
112.04
112.04
112.06
112.08
112.10
112.12
112.12
112.14
112.16
112.19
112.19
112.21
112.23
112.25
112.27
112.29
112.29
112.31
112.33
112.33
112.36
112.38
112.40
112.42
112.44
112.44
112.46
112.48
112.48
112.51
112.53
112.55
112.57
112.59
112.59
112.61
112.63
112.63
112.65
112.68
112.70
112.72
112.74
112.74
112.76
112.78
112.78
112.80
112.83
112.85
112.87
112.89
112.89
112.91
112.93
112.93
112.95
112.97
113.00
113.02
113.04
113.04
113.06
113.08
113.08
113.10
113.12
113.15
113.17
113.19
113.19
113.21
113.23
113.25
113.25
113.27
113.29
113.32
113.34
113.34
113.36
113.38
113.40
113.40
113.42
113.44
113.47
113.49
113.49
113.51
113.53
113.55
113.57
113.57
113.59
113.61
113.64
113.64
113.66
113.68
113.70
113.72
113.72
113.74
113.76
113.79
113.79
113.81
113.83
113.85
113.87
113.89
113.89
113.91
113.96
114.00
114.02
114.04
114.04
114.06
114.08
114.11
114.13
114.15
114.15
114.17
114.19
114.21
114.21
114.23
114.25
114.28
114.30
114.31
114.32
114.34
114.36
114.36
114.38
114.40
114.43
114.45
114.45
114.47
114.49
114.51
114.53
114.53
114.55
114.57
114.60
114.60
114.62
114.64
114.72
114.75
114.77
114.77
114.79
114.81
114.83
114.85
114.85
114.87
114.89
114.89
114.92
114.94
114.98
115.00
115.00
115.02
115.04
115.04
115.07
115.09
115.11
115.13
115.15
115.15
115.17
115.19
115.19
115.24
115.26
115.28
115.30
115.30
115.32
115.34
115.34
115.36
115.39
115.41
115.43
115.45
115.45
115.47
115.49
115.49
115.51
115.53
115.56
115.58
115.60
115.60
115.62
115.64
115.66
115.66
115.68
115.71
115.73
115.75
115.75
115.77
115.79
115.81
115.81
115.83
115.85
115.88
115.90
115.92
115.92
115.94
115.96
115.96
115.98
116.00
116.03
116.05
116.05
116.07
116.09
116.11
116.13
116.13
116.15
116.21
116.22
116.24
116.26
116.28
116.28
116.30
116.32
116.35
116.37
116.37
116.39
116.41
116.43
116.45
116.45
116.47
116.49
116.52
116.52
116.54
116.56
116.58
116.60
116.60
116.62
116.64
116.64
116.67
116.69
116.71
116.73
116.75
116.75
116.77
116.79
116.79
116.81
116.84
116.86
116.88
116.90
116.90
116.92
116.94
116.94
116.96
116.99
117.01
117.03
117.05
117.07
117.07
117.09
117.09
117.11
117.13
117.16
117.18
117.20
117.22
117.22
117.24
117.24
117.26
117.28
117.31
117.33
117.35
117.35
117.37
117.39
117.41
117.41
117.45
117.48
117.50
117.52
117.52
117.54
117.56
117.56
117.58
117.60
117.63
117.65
117.65
117.67
117.69
117.71
117.73
117.73
117.75
117.77
117.80
117.80
117.82
117.84
117.86
117.88
117.88
117.90
117.92
117.95
117.95
117.97
117.99
118.01
118.03
118.05
118.05
118.07
118.09
118.12
118.12
118.14
118.16
118.18
118.20
118.20
118.22
118.24
118.27
118.27
118.29
118.31
118.33
118.35
118.37
118.37
118.48
118.50
118.52
118.52
118.54
118.56
118.56
118.59
118.61
118.63
118.65
118.73
118.76
118.78
118.80
118.82
118.82
118.84
118.84
118.86
118.88
118.91
118.93
118.95
118.97
118.97
118.99
119.01
119.01
119.03
119.05
119.08
119.10
119.12
119.12
119.20
119.23
119.25
119.25
119.27
119.29
119.31
119.33
119.33
119.35
119.48
119.48
119.50
119.52
119.55
119.57
119.57
119.59
119.61
119.74
119.76
119.78
119.80
119.80
119.82
119.84
119.84
119.97
119.97
119.99
120.01
120.01
120.04
120.06
120.08
120.10
120.10
120.12
120.14
120.16
120.16
120.19
120.21
120.23
120.25
120.27
120.27
120.29
120.29
120.31
120.33
120.36
120.38
120.40
120.40
120.42
120.44
120.46
120.46
120.48
120.51
120.53
120.55
120.55
120.57
120.59
120.61
120.61
120.63
120.65
120.68
120.70
120.72
120.72
120.74
120.76
120.76
120.78
120.80
120.83
120.85
120.87
120.87
120.89
120.91
120.93
120.93
120.95
120.97
121.00
121.02
121.02
121.04
121.06
121.08
121.08
121.10
121.12
121.15
121.17
121.17
121.19
121.21
121.23
121.25
121.25
121.27
121.29
121.32
121.32
121.34
121.36
121.38
121.40
121.40
121.42
121.44
121.44
121.47
121.49
121.51
121.53
121.55
121.55
121.57
121.59
121.61
121.61
121.64
121.66
121.68
121.70
121.72
121.72
121.74
121.76
121.76
121.79
121.81
121.83
121.85
121.87
121.87
121.89
121.91
121.91
121.93
121.96
121.98
122.00
122.02
122.02
122.04
122.06
122.06
122.08
122.11
122.13
122.15
122.17
122.19
122.19
122.21
122.23
122.28
122.30
122.32
122.32
122.34
122.36
122.36
122.38
122.40
122.43
122.45
122.47
122.47
122.49
122.51
122.53
122.53
122.55
122.57
122.60
122.62
122.62
122.64
122.66
122.68
122.68
122.70
122.72
122.75
122.77
122.77
122.79
122.81
122.83
122.85
122.85
122.87
122.89
122.92
122.92
122.94
122.98
123.00
123.04
123.07
123.09
123.09
123.11
123.13
123.15
123.17
123.17
123.19
123.21
123.24
123.24
123.26
123.28
123.30
123.32
123.32
123.34
123.36
123.39
123.39
123.41
123.43
123.45
123.47
123.49
123.49
123.51
123.53
123.53
123.56
123.58
123.60
123.62
123.64
123.64
123.66
123.68
123.68
123.71
123.73
123.75
123.77
123.79
123.79
123.81
123.83
123.83
123.85
123.88
123.90
123.92
123.94
123.94
123.96
123.98
123.98
124.00
124.03
124.05
124.07
124.09
124.09
124.11
124.13
124.13
124.15
124.17
124.20
124.22
124.24
124.24
124.26
124.28
124.28
124.30
124.32
124.35
124.37
124.39
124.39
124.41
124.43
124.45
124.45
124.47
124.49
124.52
124.54
124.54
124.56
124.58
124.60
124.60
124.62
124.64
124.67
124.69
124.69
124.71
124.73
124.75
124.77
124.77
124.79
124.81
124.84
124.84
124.86
124.88
124.90
124.92
124.92
124.94
124.96
124.99
124.99
125.01
125.03
125.05
125.07
125.09
125.09
125.11
125.13
125.13
125.16
125.20
125.22
125.24
125.24
125.26
125.28
125.28
125.31
125.33
125.35
125.37
125.39
125.39
125.41
125.43
125.43
125.45
125.48
125.50
125.52
125.54
125.54
125.56
125.58
125.58
125.60
125.63
125.65
125.67
125.69
125.69
125.71
125.73
125.73
125.75
125.77
125.80
125.82
125.84
125.84
125.86
125.88
125.88
125.90
125.92
125.99
125.99
126.01
126.03
126.05
126.05
126.07
126.09
126.12
126.14
126.14
126.16
126.18
126.20
126.20
126.22
126.24
126.27
126.29
126.29
126.31
126.33
126.35
126.37
126.37
126.39
126.41
126.44
126.44
126.46
126.48
126.50
126.52
126.52
126.54
126.56
126.59
126.59
126.61
126.63
126.65
126.67
126.69
126.69
126.71
126.73
126.73
126.76
126.78
126.80
126.82
126.84
126.84
126.86
126.88
126.88
126.91
126.97
126.99
126.99
127.01
127.03
127.03
127.05
127.08
127.10
127.12
127.14
127.14
127.16
127.18
127.18
127.20
127.23
127.25
127.27
127.29
127.29
127.31
127.33
127.33
127.35
127.37
127.40
127.42
127.44
127.44
127.46
127.48
127.48
127.50
127.52
127.55
127.57
127.59
127.59
127.61
127.63
127.65
127.65
127.67
127.69
127.72
127.74
127.74
127.76
127.78
127.80
127.80
127.82
127.84
127.87
127.89
127.89
127.91
127.93
127.95
127.97
127.97
127.99
128.01
128.04
128.04
128.06
128.08
128.10
128.12
128.12
128.14
128.16
128.19
128.19
128.21
128.23
128.25
128.27
128.29
128.29
128.31
128.33
128.33
128.36
128.38
128.40
128.42
128.44
128.44
128.46
128.48
128.48
128.51
128.53
128.55
128.57
128.59
128.59
128.61
128.63
128.63
128.65
128.68
128.70
128.72
128.74
128.74
128.76
128.78
128.78
128.80
128.83
128.85
128.87
128.89
128.89
128.91
128.93
128.93
128.95
128.97
129.00
129.02
129.04
129.04
129.06
129.08
129.08
129.10
129.12
129.15
129.17
129.19
129.19
129.21
129.23
129.25
129.25
129.27
129.29
129.32
129.34
129.34
129.36
129.38
129.40
129.40
129.42
129.44
129.47
129.49
129.49
129.51
129.53
129.55
129.57
129.57
129.59
129.61
129.64
129.64
129.66
129.68
129.70
129.72
129.72
129.74
129.76
129.79
129.79
129.81
129.83
129.85
129.87
129.89
129.89
129.91
129.93
129.93
129.96
129.98
130.00
130.02
130.04
130.04
130.06
130.08
130.08
130.11
130.13
130.15
130.17
130.19
130.19
130.21
130.23
130.23
130.25
130.28
130.30
130.32
130.34
130.34
130.36
130.38
130.38
130.40
130.43
130.45
130.47
130.49
130.49
130.51
130.53
130.53
130.55
130.57
130.60
130.62
130.64
130.64
130.66
130.68
130.68
130.70
130.72
130.75
130.77
130.79
130.79
130.81
130.83
130.85
130.85
130.87
130.89
130.92
130.94
130.94
130.96
130.98
131.00
131.00
131.02
131.04
131.07
131.09
131.09
131.11
131.13
131.15
131.17
131.17
131.19
131.21
131.24
131.24
131.26
131.28
131.30
131.32
131.32
131.34
131.36
131.39
131.39
131.41
131.43
131.45
131.47
131.49
131.49
131.51
131.53
131.53
131.56
131.58
131.71
131.73
131.75
131.77
131.79
131.79
131.81
131.83
131.83
131.85
131.88
131.90
131.92
131.94
131.94
131.96
131.98
131.98
132.00
132.03
132.05
132.07
132.09
132.09
132.11
132.13
132.13
132.15
132.17
132.20
132.22
132.24
132.24
132.26
132.28
132.28
132.30
132.32
132.35
132.37
132.39
132.39
132.41
132.43
132.45
132.45
132.47
132.49
132.52
132.54
132.54
132.56
132.58
132.60
132.60
132.62
132.64
132.67
132.69
132.69
132.71
132.73
132.75
132.77
132.77
132.79
132.81
132.84
132.84
132.86
132.88
132.90
132.94
132.94
132.96
132.99
132.99
133.01
133.03
133.05
133.07
133.09
133.09
133.11
133.13
133.13
133.16
133.18
133.20
133.22
133.24
133.24
133.26
133.28
133.28
133.31
133.33
133.35
133.37
133.39
133.39
133.41
133.43
133.43
133.45
133.48
133.50
133.52
133.54
133.54
133.56
133.58
133.58
133.60
133.63
133.65
133.67
133.69
133.69
133.71
133.73
133.73
133.75
133.77
133.80
133.82
133.84
133.84
133.86
133.88
133.88
133.90
133.92
133.95
133.97
133.99
133.99
134.01
134.03
134.05
134.05
134.07
134.09
134.12
134.14
134.14
134.16
134.18
134.20
134.20
134.22
134.24
134.27
134.29
134.29
134.31
134.33
134.35
134.37
134.37
134.39
134.41
134.48
134.50
134.52
134.52
134.54
134.56
134.59
134.59
134.61
134.63
134.65
134.67
134.69
134.69
134.71
134.73
134.73
134.76
134.78
134.80
134.82
134.84
134.84
134.86
134.88
134.88
134.91
134.93
134.95
134.97
134.99
134.99
135.01
135.03
135.03
135.05
135.08
135.10
135.12
135.14
135.14
135.16
135.18
135.18
135.20
135.23
135.25
135.27
135.29
135.29
135.31
135.33
135.33
135.35
135.37
135.40
135.42
135.44
135.44
135.46
135.48
135.48
135.50
135.52
135.55
135.57
135.59
135.59
135.61
135.63
135.65
135.65
135.67
135.69
135.72
135.74
135.74
135.76
135.78
135.80
135.80
135.82
135.84
135.87
135.89
135.89
135.91
135.93
135.95
135.97
135.97
135.99
136.01
136.04
136.04
136.06
136.08
136.10
136.12
136.12
136.14
136.16
136.19
136.19
136.21
136.23
136.25
136.27
136.29
136.29
136.31
136.33
136.33
136.36
136.38
136.40
136.42
136.44
136.44
136.46
136.48
136.48
136.51
136.53
136.55
136.57
136.59
136.59
136.61
136.63
136.63
136.65
136.68
136.70
136.72
136.74
136.74
136.76
136.78
136.78
136.80
136.83
136.85
136.87
136.89
136.89
136.91
136.93
136.93
136.95
136.97
137.00
137.02
137.04
137.04
137.06
137.08
137.08
137.10
137.12
137.15
137.17
137.19
137.19
137.21
137.23
137.25
137.25
137.27
137.29
137.32
137.34
137.34
137.36
137.38
137.40
137.40
137.42
137.44
137.47
137.49
137.49
137.51
137.53
137.55
137.57
137.57
137.59
137.61
137.64
137.64
137.66
137.68
137.70
137.72
137.72
137.74
137.76
137.79
137.79
137.81
137.83
137.85
137.87
137.89
137.89
137.91
137.93
137.93
137.96
137.98
138.00
138.02
138.04
138.04
138.06
138.08
138.08
138.11
138.13
138.15
138.17
138.19
138.19
138.21
138.23
138.23
138.25
138.28
138.30
138.32
138.34
138.34
138.36
138.38
138.38
138.40
138.43
138.45
138.47
138.49
138.49
138.51
138.53
138.53
138.55
138.57
138.60
138.62
138.64
138.64
138.66
138.68
138.68
138.70
138.72
138.75
138.77
138.79
138.79
138.81
138.83
138.85
138.85
138.87
138.89
138.92
138.94
138.94
138.96
138.98
139.00
139.00
139.02
139.04
139.07
139.09
139.09
139.11
139.13
139.15
139.17
139.17
139.19
139.21
139.24
139.24
139.26
139.28
139.30
139.32
139.32
139.34
139.36
139.39
139.39
139.41
139.43
139.45
139.47
139.49
139.49
139.51
139.53
139.53
139.56
139.58
139.60
139.62
139.64
139.64
139.66
139.68
139.68
139.71
139.73
139.75
139.77
139.79
139.79
139.81
139.83
139.83
139.85
139.88
139.90
139.92
139.94
139.94
139.96
139.98
139.98
140.00
140.03
140.05
140.07
140.09
140.09
140.11
140.13
140.13
140.15
140.17
140.20
140.22
140.24
140.24
140.26
140.28
140.28
140.30
140.32
140.35
140.37
140.39
140.39
140.41
140.43
140.45
140.45
140.47
140.49
140.52
140.54
140.54
140.56
140.58
140.60
140.60
140.62
140.64
140.67
140.69
140.69
140.71
140.73
140.75
140.77
140.77
140.79
140.81
140.84
140.84
140.86
140.88
140.90
140.92
140.92
140.94
140.96
140.99
140.99
141.01
141.03
141.05
141.07
141.09
141.09
141.11
141.13
141.13
141.16
141.18
141.20
141.22
141.24
141.24
141.26
141.28
141.28
141.31
141.33
141.35
141.37
141.39
141.39
141.41
141.43
141.43
141.45
141.48
141.50
141.52
141.54
141.54
141.56
141.58
141.58
141.60
141.63
141.65
141.67
141.69
141.69
141.71
141.73
141.73
141.75
141.77
141.80
141.82
141.84
141.84
141.86
141.88
141.88
141.90
141.92
141.95
141.97
141.99
141.99
142.01
142.03
142.05
142.05
142.07
142.09
142.12
142.14
142.14
142.16
142.18
142.20
142.20
142.22
142.24
142.27
142.29
142.29
142.31
142.33
142.35
142.37
142.37
142.39
142.41
142.44
142.44
142.46
142.48
142.50
142.52
142.52
142.54
142.56
142.59
142.59
142.61
142.63
142.65
142.67
142.69
142.69
142.71
142.73
142.73
142.76
142.78
142.80
142.82
142.84
142.84
142.86
142.88
142.88
142.91
142.93
142.95
142.97
142.99
142.99
143.01
143.03
143.03
143.05
143.08
143.10
143.12
143.14
143.14
143.16
143.18
143.18
143.20
143.23
143.25
143.27
143.29
143.29
143.31
143.33
143.33
143.35
143.37
143.40
143.42
143.44
143.44
143.46
143.48
143.48
143.50
143.52
143.55
143.57
143.59
143.59
143.61
143.63
143.65
143.65
143.67
143.69
143.72
143.74
143.74
143.76
143.78
143.80
143.80
143.82
143.84
143.87
143.89
143.89
143.91
143.93
143.95
143.97
143.97
143.99
144.01
144.04
144.04
144.06
144.08
144.10
144.12
144.12
144.14
144.16
144.19
144.19
144.21
144.23
144.25
144.27
144.29
144.29
144.31
144.33
144.33
144.36
144.38
144.40
144.42
144.44
144.44
144.46
144.48
144.48
144.51
144.53
144.55
144.57
144.59
144.59
144.61
144.63
144.63
144.65
144.68
144.70
144.72
144.74
144.74
144.76
144.78
144.78
144.80
144.83
144.85
144.87
144.89
144.89
144.91
144.93
144.93
144.95
144.97
145.00
145.02
145.04
145.04
145.06
145.08
145.08
145.10
145.12
145.15
145.17
145.19
145.19
145.21
145.23
145.25
145.25
145.27
145.29
145.32
145.34
145.34
145.36
145.38
145.40
145.40
145.42
145.44
145.47
145.49
145.49
145.51
145.53
145.55
145.57
145.57
145.59
145.61
145.70
145.72
145.72
145.74
145.76
145.79
145.79
145.81
145.83
145.85
145.87
145.89
145.89
145.91
145.93
145.93
145.96
145.98
146.00
146.02
146.04
146.04
146.06
146.08
146.08
146.11
146.13
146.15
146.17
146.19
146.19
146.21
146.23
146.23
146.25
146.28
146.30
146.32
146.34
146.34
146.36
146.38
146.38
146.40
146.43
146.45
146.47
146.49
146.49
146.51
146.53
146.53
146.55
146.57
146.60
146.62
146.64
146.64
146.72
146.75
146.77
146.79
146.79
146.81
146.83
146.85
146.85
146.87
146.89
146.92
146.94
146.94
146.96
146.98
147.00
147.00
147.02
147.04
147.07
147.09
147.09
147.11
147.13
147.15
147.17
147.17
147.19
147.21
147.24
147.24
147.26
147.28
147.30
147.32
147.32
147.34
147.36
147.39
147.39
147.41
147.43
147.45
147.47
147.49
147.49
147.51
147.53
147.53
147.56
147.58
147.60
147.62
147.64
147.64
147.66
147.68
147.68
147.71
147.73
147.75
147.77
147.79
147.79
147.81
147.83
147.83
147.85
147.88
147.90
147.92
147.94
147.94
147.96
147.98
147.98
148.00
148.03
148.05
148.07
148.09
148.09
148.11
148.13
148.13
148.15
148.17
148.20
148.22
148.24
148.24
148.26
148.28
148.28
148.30
148.32
148.35
148.37
148.39
148.39
148.41
148.43
148.45
148.45
148.47
148.49
148.52
148.54
148.54
148.56
148.58
148.60
148.60
148.62
148.64
148.67
148.69
148.69
148.71
148.73
148.75
148.77
148.77
148.79
148.81
148.84
148.84
148.86
148.88
148.90
148.92
148.92
148.94
148.96
148.99
148.99
149.01
149.03
149.05
149.07
149.09
149.09
149.11
149.13
149.13
149.16
149.18
149.20
149.22
149.24
149.24
149.26
149.28
149.28
149.31
149.33
149.35
149.37
149.39
149.39
149.41
149.43
149.43
149.45
149.48
149.50
149.52
149.54
149.54
149.56
149.58
149.58
149.60
149.63
149.65
149.67
149.69
149.69
149.71
149.73
149.73
149.75
149.77
149.80
149.82
149.84
149.84
149.86
149.88
149.88
149.90
149.92
149.95
149.97
149.99
149.99
150.01
150.03
150.05
150.05
150.07
150.09
150.12
150.14
150.14
150.16
150.18
150.20
150.20
150.22
150.24
150.27
150.29
150.29
150.31
150.33
150.35
150.37
150.37
150.39
150.41
150.44
150.44
150.46
150.48
150.50
150.52
150.52
150.54
150.56
150.59
150.59
150.61
150.63
150.65
150.67
150.69
150.69
150.71
150.73
150.73
150.76
150.78
150.80
150.82
150.84
150.84
150.86
150.88
150.88
150.91
150.99
150.99
151.01
151.03
151.03
151.05
151.08
151.10
151.12
151.14
151.14
151.16
151.18
151.18
151.20
151.23
151.25
151.27
151.29
151.29
151.31
151.33
151.33
151.35
151.37
151.40
151.42
151.44
151.44
151.46
151.48
151.48
151.50
151.52
151.55
151.57
151.59
151.59
151.61
151.63
151.65
151.65
151.67
151.69
151.72
151.74
151.74
151.76
151.78
151.80
151.80
151.82
151.84
151.87
151.89
151.89
151.93
151.95
151.97
151.97
151.99
152.01
152.04
152.04
152.06
152.08
152.10
152.12
152.12
152.14
152.16
152.19
152.19
152.21
152.23
152.25
152.27
152.29
152.29
152.31
152.33
152.33
152.36
152.38
152.40
152.42
152.44
152.44
152.46
152.48
152.48
152.51
152.53
152.55
152.57
152.59
152.59
152.61
152.63
152.63
152.65
152.68
152.70
152.72
152.74
152.74
152.76
152.78
152.78
152.80
152.83
152.85
152.87
152.89
152.89
152.91
152.93
152.93
152.95
152.97
153.00
153.02
153.04
153.04
153.06
153.08
153.08
153.10
153.12
153.15
153.17
153.19
153.19
153.21
153.23
153.25
153.25
153.27
153.29
153.32
153.34
153.34
153.36
153.38
153.40
153.40
153.42
153.44
153.47
153.49
153.49
153.51
153.53
153.55
153.57
153.57
153.59
153.61
153.64
153.64
153.66
153.68
153.70
153.72
153.72
153.74
153.76
153.79
153.81
153.81
153.83
153.85
153.87
153.89
153.89
153.91
153.93
153.93
153.96
153.98
154.00
154.02
154.04
154.04
154.06
154.08
154.08
154.11
154.13
154.15
154.17
154.19
154.21
154.21
154.23
154.25
154.25
154.28
154.30
154.32
154.34
154.34
154.36
154.38
154.38
154.40
154.43
154.45
154.47
154.49
154.49
154.51
154.53
154.53
154.55
154.57
154.60
154.62
154.64
154.64
154.66
154.68
154.68
154.70
154.72
154.75
154.77
154.79
154.79
154.81
154.83
154.85
154.85
154.87
154.89
154.92
154.94
154.94
154.96
154.98
155.00
155.00
155.02
155.04
155.07
155.09
155.09
155.11
155.13
155.15
155.17
155.17
155.19
155.21
155.24
155.26
155.26
155.28
155.30
155.32
155.32
155.34
155.36
155.39
155.39
155.41
155.43
155.45
155.47
155.49
155.49
155.51
155.53
155.56
155.56
155.58
155.60
155.62
155.64
155.64
155.66
155.68
155.71
155.71
155.73
155.75
155.77
155.79
155.79
155.81
155.83
155.83
155.85
155.88
155.90
155.92
155.94
155.96
155.96
155.98
155.98
156.00
156.03
156.05
156.07
156.09
156.11
156.11
156.13
156.13
156.15
156.17
156.20
156.22
156.24
156.26
156.26
156.28
156.28
156.30
156.32
156.35
156.37
156.39
156.39
156.41
156.43
156.45
156.45
156.47
156.49
156.52
156.54
156.56
156.56
156.58
156.60
156.60
156.62
156.64
156.67
156.69
156.71
156.71
156.73
156.75
156.77
156.77
156.79
156.81
156.84
156.84
156.86
156.88
156.90
156.92
156.92
156.94
156.96
156.99
157.01
157.01
157.03
157.05
157.07
157.09
157.09
157.11
157.13
157.16
157.16
157.18
157.20
157.22
157.24
157.24
157.26
157.28
157.28
157.31
157.33
157.35
157.37
157.39
157.39
157.41
157.43
157.45
157.45
157.48
157.50
157.52
157.54
157.56
157.56
157.58
157.58
157.60
157.63
157.65
157.67
157.69
157.69
157.71
157.73
157.75
157.75
157.77
157.80
157.82
157.84
157.84
157.86
157.88
157.88
157.90
157.92
157.95
157.97
157.99
158.01
158.01
158.03
158.05
158.05
158.07
158.09
158.12
158.14
158.16
158.16
158.18
158.20
158.20
158.22
158.24
158.27
158.29
158.31
158.31
158.33
158.35
158.37
158.37
158.39
158.41
158.44
158.44
158.46
158.48
158.50
158.52
158.52
158.54
158.56
158.59
158.61
158.61
158.63
158.65
158.67
158.69
158.69
158.71
158.73
158.76
158.76
158.78
158.80
158.82
158.84
158.84
158.86
158.88
158.91
158.91
158.93
158.95
158.97
158.99
159.01
159.01
159.03
159.05
159.05
159.08
159.10
159.12
159.14
159.16
159.16
159.18
159.18
159.20
159.23
159.25
159.27
159.29
159.29
159.31
159.33
159.33
159.35
159.37
159.40
159.42
159.44
159.46
159.46
159.48
159.50
159.50
159.52
159.55
159.57
159.59
159.59
159.61
159.63
159.65
159.65
159.67
159.69
159.72
159.74
159.76
159.76
159.78
159.80
159.80
159.82
159.84
159.87
159.89
159.89
159.91
159.93
159.95
159.97
159.97
159.99
160.01
160.04
160.06
160.06
160.08
160.10
160.12
160.12
160.14
160.16
160.19
160.21
160.21
160.23
160.25
160.27
160.29
160.29
160.31
160.33
160.36
160.36
160.38
160.40
160.42
160.44
160.44
160.46
160.48
160.51
160.51
160.53
160.55
160.57
160.59
160.59
160.61
160.63
160.65
160.65
160.68
160.70
160.72
160.74
160.76
160.76
160.78
160.80
160.80
160.83
160.85
160.87
160.89
160.91
160.91
160.93
160.95
160.95
160.97
161.00
161.02
161.04
161.04
161.06
161.08
161.10
161.10
161.12
161.15
161.17
161.19
161.21
161.21
161.23
161.25
161.25
161.27
161.29
161.32
161.34
161.36
161.36
161.38
161.40
161.40
161.42
161.44
161.47
161.49
161.51
161.51
161.53
161.55
161.57
161.57
161.59
161.61
161.64
161.66
161.66
161.68
161.70
161.72
161.72
161.74
161.76
161.79
161.81
161.81
161.83
161.85
161.87
161.89
161.89
161.91
161.93
161.96
161.96
161.98
162.00
162.02
162.04
162.04
162.06
162.08
162.11
162.11
162.13
162.15
162.17
162.19
162.21
162.21
162.23
162.25
162.25
162.28
162.30
162.32
162.34
162.36
162.36
162.38
162.40
162.40
162.43
162.45
162.47
162.49
162.51
162.51
162.53
162.55
162.55
162.57
162.60
162.62
162.64
162.66
162.66
162.68
162.68
162.70
162.72
162.75
162.77
162.79
162.81
162.81
162.83
162.85
162.85
162.87
162.89
162.92
162.94
162.96
162.96
162.98
163.00
163.00
163.02
163.04
163.07
163.09
163.11
163.11
163.13
163.15
163.17
163.17
163.19
163.21
163.24
163.26
163.26
163.28
163.30
163.32
163.32
163.34
163.36
163.39
163.40
163.41
163.43
163.45
163.47
163.49
163.49
163.51
163.53
163.56
163.56
163.58
163.60
163.62
163.64
163.64
163.66
163.68
163.71
163.71
163.73
163.75
163.77
163.79
163.81
163.81
163.83
163.85
163.85
163.88
163.90
163.92
163.94
163.94
163.96
163.98
164.00
164.00
164.03
164.05
164.07
164.09
164.11
164.11
164.13
164.15
164.15
164.17
164.20
164.22
164.24
164.26
164.26
164.28
164.30
164.30
164.32
164.35
164.37
164.39
164.41
164.41
164.43
164.45
164.45
164.47
164.49
164.52
164.54
164.56
164.56
164.58
164.60
164.60
164.62
164.64
164.67
164.69
164.69
164.71
164.73
164.75
164.77
164.77
164.79
164.81
164.84
164.86
164.86
164.88
164.90
164.92
164.92
164.94
164.96
164.99
165.01
165.01
165.03
165.05
165.07
165.09
165.09
165.11
165.13
165.16
165.16
165.18
165.20
165.22
165.24
165.24
165.26
165.28
165.31
165.31
165.33
165.35
165.37
165.39
165.41
165.41
165.43
165.45
165.45
165.48
165.50
165.52
165.54
165.56
165.56
165.58
165.60
165.60
165.63
165.65
165.67
165.69
165.71
165.71
165.73
165.75
165.75
165.77
165.80
165.82
165.84
165.86
165.86
165.88
165.90
165.90
165.92
165.95
165.97
165.99
166.01
166.01
166.03
166.05
166.05
166.07
166.09
166.12
166.14
166.16
166.16
166.18
166.20
166.20
166.22
166.24
166.27
166.29
166.31
166.31
166.33
166.35
166.37
166.37
166.39
166.41
166.44
166.46
166.46
166.48
166.50
166.52
166.52
166.54
166.56
166.59
166.61
166.61
166.63
166.65
166.67
166.69
166.69
166.71
166.73
166.76
166.76
166.78
166.80
166.82
166.84
166.84
166.86
166.88
166.91
166.91
166.93
166.95
166.97
166.99
167.01
167.01
167.03
167.05
167.05
167.08
167.10
167.12
167.14
167.16
167.16
167.18
167.20
167.20
167.23
167.25
167.27
167.29
167.31
167.31
167.33
167.35
167.35
167.37
167.40
167.42
167.44
167.46
167.46
167.48
167.50
167.50
167.52
167.55
167.57
167.59
167.61
167.61
167.63
167.65
167.65
167.67
167.69
167.72
167.74
167.76
167.76
167.78
167.80
167.80
167.82
167.84
167.87
167.89
167.91
167.91
167.93
167.95
167.97
167.97
167.99
168.01
168.04
168.06
168.06
168.08
168.10
168.12
168.12
168.14
168.16
168.19
168.21
168.21
168.23
168.25
168.27
168.29
168.29
168.31
168.33
168.36
168.36
168.38
168.40
168.42
168.44
168.44
168.46
168.48
168.51
168.51
168.53
168.55
168.57
168.59
168.61
168.61
168.63
168.65
168.65
168.68
168.70
168.72
168.74
168.76
168.76
168.78
168.80
168.80
168.83
168.85
168.87
168.89
168.91
168.91
168.93
168.95
168.95
168.97
169.00
169.02
169.04
169.06
169.06
169.08
169.10
169.10
169.12
169.15
169.17
169.19
169.21
169.21
169.23
169.25
169.25
169.27
169.29
169.32
169.34
169.36
169.36
169.38
169.40
169.40
169.42
169.44
169.47
169.49
169.51
169.51
169.53
169.55
169.57
169.57
169.59
169.61
169.64
169.66
169.66
169.68
169.70
169.72
169.72
169.74
169.76
169.79
169.81
169.81
169.83
169.85
169.87
169.89
169.89
169.91
169.93
169.96
169.96
169.98
170.00
170.02
170.04
170.04
170.06
170.08
170.11
170.11
170.13
170.15
170.17
170.19
170.21
170.21
170.23
170.25
170.25
170.28
170.30
170.32
170.34
170.36
170.36
170.38
170.40
170.40
170.43
170.45
170.47
170.49
170.51
170.51
170.53
170.55
170.55
170.57
170.60
170.62
170.64
170.66
170.66
170.68
170.70
170.70
170.72
170.75
170.77
170.79
170.81
170.81
170.83
170.85
170.85
170.87
170.89
170.92
170.94
170.96
170.96
170.98
171.00
171.00
171.02
171.04
171.07
171.09
171.11
171.11
171.13
171.15
171.17
171.17
171.19
171.21
171.24
171.26
171.26
171.28
171.30
171.32
171.32
171.34
171.36
171.39
171.41
171.41
171.43
171.45
171.47
171.49
171.49
171.51
171.53
171.56
171.56
171.58
171.60
171.62
171.64
171.64
171.66
171.68
171.71
171.71
171.73
171.75
171.77
171.79
171.81
171.81
171.83
171.85
171.85
171.88
171.90
171.92
171.94
171.96
171.96
171.98
172.00
172.00
172.03
172.05
172.07
172.09
172.11
172.11
172.13
172.15
172.15
172.17
172.20
172.22
172.24
172.26
172.26
172.28
172.30
172.30
172.32
172.35
172.37
172.39
172.41
172.41
172.43
172.45
172.45
172.47
172.49
172.52
172.54
172.56
172.56
172.58
172.60
172.60
172.62
172.64
172.67
172.69
172.71
172.71
172.73
172.75
172.77
172.77
172.79
172.81
172.84
172.86
172.86
172.88
172.90
172.92
172.92
172.94
172.96
172.99
173.01
173.01
173.03
173.05
173.07
173.09
173.09
173.11
173.13
173.16
173.16
173.18
173.20
173.22
173.24
173.24
173.26
173.28
173.31
173.31
173.33
173.35
173.37
173.39
173.41
173.41
173.43
173.45
173.45
173.48
173.50
173.52
173.54
173.56
173.56
173.58
173.60
173.60
173.63
173.65
173.67
173.69
173.71
173.71
173.73
173.75
173.75
173.77
173.80
173.82
173.84
173.86
173.86
173.88
173.90
173.90
173.92
173.95
173.97
173.99
174.01
174.01
174.03
174.05
174.05
174.07
174.09
174.12
174.14
174.16
174.16
174.18
174.20
174.20
174.22
174.24
174.27
174.29
174.31
174.31
174.33
174.35
174.37
174.37
174.39
174.41
174.44
174.46
174.46
174.48
174.50
174.52
174.52
174.54
174.56
174.59
174.61
174.61
174.63
174.65
174.67
174.69
174.69
174.71
174.73
174.76
174.76
174.78
174.80
174.82
174.84
174.84
174.86
174.88
174.91
174.91
174.93
174.95
174.97
174.99
175.01
175.01
175.03
175.05
175.05
175.08
175.10
175.12
175.14
175.16
175.16
175.18
175.20
175.20
175.23
175.25
175.27
175.29
175.31
175.31
175.33
175.35
175.35
175.37
175.40
175.42
175.44
175.46
175.46
175.48
175.50
175.50
175.52
175.55
175.57
175.59
175.61
175.61
175.63
175.65
175.65
175.67
175.69
175.72
175.74
175.76
175.76
175.78
175.80
175.80
175.82
175.84
175.87
175.89
175.91
175.91
175.93
175.95
175.97
175.97
175.99
176.01
176.04
176.06
176.06
176.08
176.10
176.12
176.12
176.14
176.16
176.19
176.21
176.21
176.23
176.25
176.27
176.29
176.29
176.31
176.33
176.36
176.36
176.38
176.40
176.42
176.44
176.44
176.46
176.48
176.51
176.51
176.53
176.55
176.57
176.59
176.61
176.61
176.63
176.65
176.65
176.68
176.70
176.72
176.74
176.76
176.76
176.78
176.80
176.80
176.83
176.85
176.87
176.89
176.91
176.91
176.93
176.95
176.95
176.97
177.00
177.02
177.04
177.06
177.06
177.08
177.10
177.10
177.12
177.15
177.17
177.19
177.21
177.21
177.23
177.25
177.25
177.27
177.29
177.32
177.34
177.36
177.36
177.38
177.40
177.40
177.42
177.44
177.47
177.49
177.51
177.51
177.53
177.55
177.57
177.57
177.59
177.61
177.64
177.66
177.66
177.68
177.70
177.72
177.72
177.74
177.76
177.79
177.81
177.81
177.83
177.85
177.87
177.89
177.89
177.91
177.93
177.96
177.96
177.98
178.00
178.02
178.04
178.04
178.06
178.08
178.11
178.11
178.13
178.15
178.17
178.23
178.25
178.25
178.28
178.30
178.32
178.34
178.36
178.36
178.38
178.40
178.40
178.43
178.45
178.47
178.49
178.51
178.51
178.53
178.55
178.55
178.57
178.60
178.62
178.64
178.70
178.70
178.72
178.75
178.77
178.79
178.81
178.81
178.83
178.85
178.85
178.87
178.89
178.92
178.94
178.96
178.96
178.98
179.00
179.00
179.02
179.04
179.07
179.09
179.11
179.11
179.13
179.15
179.17
179.17
179.24
179.26
179.26
179.28
179.30
179.47
179.49
179.49
179.51
179.53
179.56
179.56
179.58
179.60
179.62
179.64
179.64
179.73
179.75
179.77
179.79
179.81
179.81
179.83
179.85
179.85
179.88
179.90
179.92
179.94
179.96
179.96
179.98
180.00
180.00
180.03
180.05
180.07
180.09
180.11
180.11
180.13
180.15
180.15
180.17
180.22
180.24
180.26
180.26
180.28
180.30
180.30
180.32
180.35
180.37
180.39
180.41
180.41
180.43
180.45
180.45
180.47
180.49
180.52
180.54
180.56
180.56
180.58
180.60
180.60
180.62
180.64
180.67
180.69
180.71
180.71
180.73
180.75
180.77
180.77
180.79
180.81
180.84
180.86
180.86
180.88
180.90
180.92
180.92
180.94
180.96
180.99
181.01
181.01
181.03
181.05
181.07
181.09
181.09
181.11
181.13
181.16
181.16
181.18
181.20
181.22
181.24
181.24
181.26
181.28
181.31
181.31
181.33
181.35
181.37
181.39
181.41
181.41
181.43
181.45
181.45
181.48
181.50
181.52
181.54
181.56
181.56
181.58
181.60
181.60
181.63
181.65
181.67
181.69
181.71
181.71
181.73
181.75
181.75
181.77
181.80
181.82
181.84
181.86
181.86
181.88
181.90
181.90
181.92
181.95
181.97
181.99
182.01
182.01
182.03
182.05
182.05
182.07
182.09
182.12
182.14
182.16
182.16
182.18
182.20
182.20
182.22
182.24
182.27
182.29
182.31
182.31
182.33
182.35
182.37
182.37
182.39
182.41
182.48
182.50
182.52
182.52
182.54
182.56
182.59
182.61
182.61
182.63
182.65
182.67
182.69
182.69
182.71
182.73
182.76
182.76
182.78
182.80
182.82
182.84
182.84
182.86
182.88
182.91
182.91
182.93
182.99
183.01
183.01
183.03
183.05
183.05
183.08
183.10
183.12
183.14
183.16
183.16
183.18
183.20
183.20
183.23
183.25
183.27
183.29
183.31
183.31
183.33
183.35
183.35
183.37
183.40
183.46
183.46
183.48
183.50
183.50
183.52
183.55
183.57
183.59
183.61
183.61
183.63
183.65
183.65
183.67
183.69
183.72
183.74
183.76
183.76
183.78
183.80
183.80
183.82
183.84
183.87
183.89
183.91
183.91
183.93
183.95
183.97
183.97
183.99
184.01
184.04
184.06
184.06
184.08
184.10
184.12
184.12
184.14
184.16
184.19
184.21
184.21
184.23
184.25
184.27
184.29
184.29
184.31
184.33
184.36
184.36
184.38
184.40
184.42
184.44
184.44
184.46
184.48
184.51
184.53
184.53
184.55
184.57
184.59
184.61
184.61
184.63
184.65
184.65
184.68
184.70
184.72
184.74
184.76
184.76
184.78
184.80
184.80
184.83
184.85
184.87
184.89
184.91
184.91
184.93
184.95
184.95
184.97
185.00
185.02
185.04
185.06
185.06
185.08
185.10
185.10
185.12
185.15
185.17
185.19
185.21
185.21
185.23
185.25
185.25
185.27
185.29
185.32
185.34
185.36
185.36
185.38
185.40
185.40
185.42
185.44
185.47
185.49
185.51
185.51
185.53
185.55
185.57
185.57
185.59
185.61
185.64
185.66
185.66
185.68
185.70
185.72
185.72
185.74
185.76
185.79
185.81
185.81
185.83
185.85
185.87
185.89
185.89
185.91
185.93
185.96
185.96
185.98
186.00
186.02
186.04
186.04
186.06
186.08
186.11
186.11
186.13
186.15
186.17
186.19
186.21
186.21
186.23
186.25
186.25
186.28
186.30
186.32
186.34
186.36
186.36
186.38
186.40
186.40
186.43
186.45
186.47
186.49
186.51
186.51
186.53
186.55
186.55
186.57
186.60
186.62
186.64
186.66
186.66
186.68
186.70
186.70
186.72
186.75
186.77
186.79
186.81
186.81
186.83
186.85
186.85
186.87
186.89
186.92
186.94
186.96
186.98
186.98
187.00
187.00
187.02
187.04
187.07
187.09
187.11
187.11
187.13
187.15
187.17
187.17
187.19
187.21
187.24
187.26
187.26
187.28
187.30
187.32
187.32
187.34
187.36
187.39
187.41
187.41
187.43
187.45
187.47
187.49
187.49
187.51
187.53
187.56
187.58
187.58
187.60
187.62
187.64
187.64
187.66
187.68
187.71
187.73
187.73
187.75
187.77
187.79
187.81
187.81
187.83
187.85
187.88
187.88
187.90
187.92
187.94
187.96
187.96
187.98
188.00
188.03
188.03
188.05
188.07
188.09
188.11
188.13
188.13
188.15
188.17
188.17
188.20
188.22
188.24
188.26
188.28
188.28
188.30
188.32
188.32
188.35
188.37
188.39
188.41
188.43
188.43
188.45
188.47
188.47
188.49
188.52
188.54
188.56
188.58
188.58
188.60
188.62
188.62
188.64
188.67
188.69
188.71
188.73
188.73
188.75
188.77
188.77
188.79
188.81
188.84
188.86
188.88
188.88
188.90
188.92
188.92
188.94
188.96
188.99
189.01
189.03
189.03
189.05
189.07
189.09
189.09
189.11
189.13
189.16
189.18
189.18
189.20
189.22
189.24
189.24
189.26
189.28
189.31
189.33
189.33
189.35
189.37
189.39
189.41
189.41
189.43
189.45
189.48
189.48
189.50
189.52
189.54
189.56
189.56
189.58
189.60
189.63
189.63
189.65
189.67
189.69
189.71
189.73
189.73
189.75
189.77
189.77
189.80
189.82
189.84
189.86
189.88
189.88
189.90
189.92
189.92
189.95
189.97
189.99
190.01
190.03
190.03
190.05
190.07
190.07
190.09
190.12
190.14
190.16
190.22
190.22
190.24
190.27
190.29
190.31
190.33
190.33
190.35
190.37
190.37
190.39
190.41
190.44
190.46
190.48
190.48
190.50
190.52
190.52
190.54
190.56
190.59
190.61
190.63
190.63
190.65
190.67
190.69
190.69
190.71
190.73
190.76
190.78
190.78
190.80
190.82
190.84
190.84
190.86
190.88
190.91
190.93
190.93
190.95
190.97
190.99
191.01
191.01
191.03
191.05
191.08
191.08
191.10
191.12
191.20
191.23
191.23
191.25
191.27
191.29
191.31
191.33
191.33
191.35
191.48
191.48
191.50
191.52
191.52
191.55
191.57
191.59
191.61
191.69
191.72
191.74
191.76
191.78
191.78
191.80
191.82
191.82
191.84
191.87
191.89
191.91
191.93
191.93
191.95
191.97
191.97
191.99
192.01
192.04
192.06
192.08
192.08
192.10
192.12
192.12
192.14
192.16
192.19
192.21
192.23
192.23
192.25
192.27
192.29
192.29
192.31
192.33
192.36
192.38
192.38
192.40
192.42
192.44
192.44
192.46
192.48
192.51
192.53
192.53
192.55
192.57
192.59
192.61
192.61
192.63
192.65
192.68
192.68
192.70
192.72
192.74
192.76
192.76
192.78
192.80
192.83
192.83
192.85
192.87
192.89
192.91
192.93
192.93
192.95
192.97
192.97
193.00
193.02
193.04
193.06
193.08
193.08
193.10
193.12
193.12
193.15
193.17
193.19
193.21
193.23
193.23
193.25
193.27
193.27
193.29
193.32
193.34
193.36
193.42
193.42
193.44
193.47
193.49
193.51
193.53
193.53
193.55
193.57
193.57
193.59
193.61
193.70
193.72
193.72
193.74
193.76
193.79
193.81
193.83
193.83
193.85
193.87
193.89
193.89
193.91
193.93
193.96
193.98
193.98
194.00
194.04
194.04
194.06
194.08
194.11
194.13
194.13
194.15
194.17
194.19
194.21
194.21
194.23
194.25
194.28
194.28
194.30
194.32
194.34
194.36
194.36
194.38
194.40
194.43
194.43
194.45
194.47
194.49
194.51
194.53
194.53
194.55
194.57
194.57
194.60
194.62
194.64
194.66
194.68
194.68
194.70
194.72
194.72
194.75
194.77
194.79
194.81
194.83
194.83
194.85
194.87
194.87
194.89
194.92
194.94
194.96
194.98
194.98
195.00
195.02
195.02
195.04
195.07
195.09
195.11
195.13
195.13
195.15
195.17
195.17
195.19
195.21
195.24
195.26
195.28
195.28
195.30
195.32
195.32
195.34
195.36
195.39
195.41
195.43
195.43
195.45
195.47
195.49
195.49
195.51
195.53
195.56
195.58
195.58
195.60
195.62
195.64
195.64
195.66
195.68
195.71
195.73
195.73
195.75
195.77
195.79
195.81
195.81
195.83
195.85
195.88
195.88
195.90
195.92
195.94
195.96
195.96
195.98
196.00
196.03
196.03
196.05
196.07
196.09
196.11
196.13
196.13
196.15
196.22
196.24
196.26
196.28
196.28
196.30
196.32
196.32
196.35
196.37
196.39
196.41
196.43
196.43
196.45
196.47
196.47
196.49
196.52
196.54
196.56
196.58
196.58
196.60
196.62
196.62
196.64
196.67
196.69
196.71
196.73
196.73
196.75
196.77
196.77
196.79
196.81
196.84
196.86
196.99
197.01
197.03
197.05
197.05
197.07
197.09
197.09
197.11
197.13
197.24
197.24
197.26
197.28
197.31
197.33
197.33
197.35
197.37
197.39
197.41
197.41
197.48
197.48
197.50
197.52
197.54
197.56
197.56
197.58
197.60
197.63
197.63
197.65
197.73
197.73
197.75
197.77
197.77
197.80
197.82
197.84
197.86
197.88
197.88
197.90
197.97
197.99
198.01
198.03
198.03
198.05
198.07
198.07
198.09
198.24
198.27
198.29
198.31
198.33
198.35
198.35
198.37
198.37
198.50
198.52
198.52
198.54
198.56
198.59
198.73
198.76
198.78
198.80
198.80
198.82
198.84
198.84
198.86
198.88
198.99
199.01
199.01
199.03
199.05
199.08
199.50
199.52
199.52
199.55
199.72
199.74
199.76
199.78
199.78
199.80
199.82
199.84
199.84
199.87
199.89
199.91
199.93
199.93
199.95
199.97
199.99
199.99
200.01
200.04
200.06
200.08
200.08
200.10
200.12
200.14
200.14
200.16
200.19
200.21
200.23
200.25
200.25
200.27
200.29
200.29
200.31
200.33
200.36
200.38
200.38
200.40
200.42
200.44
200.44
200.46
200.48
200.51
200.53
200.53
200.55
200.57
200.59
200.61
200.61
200.63
200.65
200.68
200.70
200.70
200.72
200.74
200.76
200.76
200.78
200.80
200.83
200.85
200.85
200.87
200.89
200.91
200.93
200.93
200.95
200.97
201.00
201.00
201.02
201.04
201.06
201.08
201.08
201.10
201.12
201.12
201.15
201.17
201.19
201.21
201.23
201.23
201.25
201.27
201.29
201.29
201.32
201.34
201.36
201.38
201.38
201.40
201.42
201.44
201.44
201.47
201.49
201.51
201.53
201.55
201.55
201.57
201.59
201.59
201.61
201.64
201.66
201.68
201.70
201.70
201.72
201.74
201.74
201.76
201.79
201.81
201.83
201.85
201.85
201.87
201.89
201.89
201.91
201.93
201.96
201.98
202.00
202.00
202.02
202.04
202.04
202.06
202.08
202.11
202.13
202.15
202.15
202.17
202.19
202.21
202.21
202.23
202.25
202.28
202.28
202.30
202.32
202.34
202.36
202.36
202.38
202.40
202.43
202.43
202.45
202.47
202.49
202.51
202.53
202.53
202.55
202.57
202.60
202.60
202.62
202.64
202.66
202.68
202.68
202.70
202.72
202.75
202.75
202.77
202.79
202.81
202.83
202.85
202.85
202.87
202.89
202.89
202.92
202.94
202.96
202.98
202.98
203.00
203.02
203.04
203.04
203.07
203.09
203.11
203.13
203.15
203.15
203.17
203.19
203.19
203.21
203.24
203.26
203.28
203.30
203.30
203.32
203.32
203.34
203.36
203.39
203.41
203.43
203.43
203.45
203.47
203.49
203.49
203.51
203.53
203.56
203.58
203.60
203.60
203.62
203.64
203.64
203.66
203.68
203.71
203.73
203.75
203.75
203.77
203.79
203.81
203.81
203.83
203.85
203.88
203.90
203.90
203.92
203.94
203.96
203.96
203.98
204.00
204.03
204.05
204.05
204.07
204.09
204.11
204.13
204.13
204.15
204.17
204.17
204.20
204.22
204.24
204.26
204.28
204.28
204.30
204.32
204.35
204.35
204.37
204.39
204.41
204.43
204.45
204.45
204.47
204.47
204.49
204.52
204.54
204.56
204.58
204.60
204.60
204.62
204.64
204.64
204.67
204.69
204.71
204.73
204.75
204.75
204.77
204.77
204.79
204.81
204.84
204.86
204.88
204.90
204.90
204.92
204.94
204.94
204.96
204.99
205.01
205.03
205.05
205.05
205.07
205.09
205.09
205.11
205.13
205.16
205.18
205.20
205.20
205.22
205.24
205.24
205.26
205.28
205.31
205.33
205.33
205.35
205.37
205.39
205.41
205.41
205.43
205.45
205.48
205.50
205.50
205.52
205.54
205.56
205.56
205.58
205.60
205.63
205.65
205.65
205.67
205.69
205.71
205.73
205.73
205.75
205.77
205.77
205.80
205.82
205.84
205.86
205.88
205.88
205.90
205.92
205.95
205.95
205.97
205.99
206.01
206.03
206.05
206.05
206.07
206.09
206.09
206.12
206.14
206.16
206.18
206.20
206.20
206.22
206.24
206.24
206.27
206.29
206.31
206.33
206.35
206.35
206.37
206.39
206.39
206.41
206.44
206.46
206.48
206.50
206.50
206.52
206.54
206.54
206.56
206.59
206.61
206.63
206.65
206.65
206.67
206.71
206.73
206.76
206.78
206.80
206.80
206.82
206.84
206.84
206.86
206.88
206.91
206.93
206.95
206.95
206.97
206.99
207.01
207.01
207.03
207.05
207.08
207.10
207.10
207.12
207.14
207.16
207.16
207.18
207.20
207.23
207.25
207.25
207.27
207.29
207.31
207.33
207.33
207.35
207.37
207.40
207.40
207.42
207.44
207.46
207.48
207.48
207.50
207.52
207.55
207.55
207.57
207.59
207.61
207.63
207.65
207.65
207.67
207.69
207.69
207.72
207.74
207.76
207.78
207.80
207.80
207.82
207.84
207.84
207.87
207.89
207.91
207.93
207.95
207.95
207.97
207.99
207.99
208.01
208.04
208.06
208.08
208.10
208.10
208.12
208.14
208.14
208.16
208.19
208.21
208.23
208.25
208.25
208.27
208.29
208.29
208.31
208.33
208.36
208.38
208.40
208.40
208.42
208.44
208.44
208.46
208.48
208.51
208.53
208.55
208.55
208.57
208.59
208.61
208.61
208.63
208.65
208.68
208.70
208.70
208.72
208.74
208.76
208.76
208.78
208.80
208.83
208.85
208.85
208.87
208.89
208.91
208.93
208.93
208.95
208.97
209.00
209.00
209.02
209.04
209.06
209.08
209.08
209.10
209.12
209.15
209.15
209.17
209.19
209.21
209.23
209.25
209.25
209.27
209.29
209.29
209.32
209.34
209.36
209.38
209.40
209.40
209.42
209.44
209.44
209.47
209.49
209.51
209.53
209.55
209.55
209.57
209.59
209.59
209.61
209.64
209.66
209.68
209.70
209.70
209.72
209.74
209.74
209.76
209.79
209.81
209.83
209.85
209.85
209.87
209.89
209.89
209.91
209.93
209.96
209.98
210.00
210.00
210.02
210.04
210.04
210.06
210.08
210.11
210.13
210.15
210.15
210.17
210.19
210.21
210.21
210.23
210.25
210.28
210.30
210.30
210.32
210.34
210.36
210.36
210.38
210.40
210.43
210.45
210.45
210.47
210.49
210.51
210.53
210.53
210.55
210.57
210.60
210.60
210.62
210.64
210.66
210.68
210.68
210.70
210.72
210.75
210.75
210.77
210.79
210.81
210.83
210.85
210.85
210.87
210.89
210.89
210.92
210.94
210.96
210.98
211.00
211.00
211.02
211.04
211.04
211.07
211.09
211.11
211.13
211.15
211.15
211.17
211.19
211.19
211.21
211.24
211.26
211.28
211.30
211.30
211.32
211.34
211.34
211.36
211.39
211.41
211.43
211.45
211.45
211.47
211.49
211.49
211.51
211.53
211.56
211.58
211.60
211.60
211.62
211.64
211.64
211.66
211.68
211.71
211.73
211.75
211.75
211.77
211.79
211.81
211.81
211.83
211.85
211.88
211.90
211.90
211.92
211.94
211.96
211.96
211.98
212.00
212.03
212.05
212.05
212.07
212.09
212.11
212.13
212.13
212.15
212.17
212.20
212.20
212.22
212.24
212.26
212.28
212.28
212.30
212.32
212.35
212.35
212.37
212.39
212.41
212.43
212.45
212.45
212.47
212.49
212.49
212.52
212.54
212.56
212.58
212.60
212.60
212.62
212.64
212.64
212.67
212.69
212.71
212.73
212.75
212.75
212.77
212.79
212.79
212.81
212.84
212.86
212.88
212.90
212.90
212.92
212.94
212.94
212.96
212.99
213.01
213.03
213.05
213.05
213.07
213.09
213.09
213.11
213.13
213.16
213.18
213.20
213.20
213.22
213.24
213.24
213.26
213.28
213.31
213.33
213.35
213.35
213.37
213.39
213.41
213.41
213.43
213.45
213.48
213.50
213.50
213.52
213.54
213.56
213.56
213.58
213.60
213.63
213.65
213.65
213.67
213.69
213.71
213.73
213.73
213.75
213.77
213.80
213.80
213.82
213.84
213.86
213.88
213.88
213.90
213.92
213.95
213.95
213.97
213.99
214.01
214.03
214.05
214.05
214.07
214.09
214.09
214.12
214.14
214.16
214.18
214.20
214.20
214.22
214.24
214.24
214.27
214.29
214.31
214.33
214.35
214.35
214.37
214.39
214.39
214.41
214.44
214.46
214.48
214.50
214.50
214.52
214.54
214.54
214.56
214.59
214.61
214.63
214.65
214.65
214.67
214.69
214.69
214.71
214.73
214.76
214.78
214.80
214.80
214.82
214.84
214.84
214.86
214.88
214.91
214.93
214.95
214.95
214.97
214.99
215.01
215.01
215.03
215.05
215.08
215.10
215.10
215.12
215.14
215.16
215.16
215.18
215.20
215.23
215.25
215.25
215.27
215.29
215.31
215.33
215.33
215.35
215.37
215.40
215.40
215.42
215.44
215.46
215.48
215.48
215.50
215.52
215.55
215.55
215.57
215.59
215.61
215.63
215.65
215.65
215.67
215.69
215.69
215.72
215.74
215.76
215.78
215.80
215.80
215.82
215.84
215.84
215.87
215.89
215.91
215.93
215.95
215.95
215.97
215.99
215.99
216.01
216.04
216.06
216.08
216.10
216.10
216.12
216.14
216.14
216.16
216.19
216.21
216.23
216.25
216.25
216.27
216.29
216.29
216.31
216.33
216.36
216.38
216.40
216.40
216.42
216.44
216.44
216.46
216.48
216.51
216.53
216.55
216.55
216.57
216.59
216.61
216.61
216.63
216.65
216.68
216.70
216.70
216.72
216.74
216.76
216.76
216.78
216.80
216.83
216.85
216.85
216.87
216.89
216.91
216.93
216.93
216.95
216.97
217.00
217.00
217.02
217.04
217.06
217.08
217.08
217.10
217.12
217.15
217.15
217.17
217.19
217.21
217.23
217.25
217.25
217.27
217.29
217.29
217.32
217.34
217.36
217.38
217.40
217.40
217.42
217.44
217.44
217.47
217.49
217.51
217.53
217.55
217.55
217.57
217.59
217.59
217.61
217.64
217.66
217.68
217.70
217.70
217.72
217.74
217.74
217.76
217.79
217.81
217.83
217.85
217.85
217.87
217.89
217.89
217.91
217.93
217.96
217.98
218.00
218.00
218.02
218.04
218.04
218.06
218.08
218.11
218.13
218.15
218.15
218.17
218.19
218.21
218.21
218.23
218.25
218.28
218.30
218.30
218.32
218.34
218.36
218.36
218.38
218.40
218.43
218.45
218.45
218.47
218.49
218.51
218.53
218.53
218.55
218.57
218.60
218.60
218.62
218.64
218.66
218.68
218.68
218.70
218.72
218.75
218.75
218.77
218.79
218.81
218.83
218.85
218.85
218.87
218.89
218.89
218.92
218.94
218.96
218.98
219.00
219.00
219.02
219.04
219.04
219.07
219.09
219.11
219.13
219.15
219.15
219.17
219.19
219.19
219.21
219.24
219.26
219.28
219.30
219.30
219.32
219.34
219.34
219.36
219.39
219.41
219.43
219.45
219.45
219.47
219.49
219.49
219.51
219.53
219.56
219.58
219.60
219.60
219.62
219.64
219.64
219.66
219.68
219.71
219.73
219.75
219.75
219.77
219.79
219.81
219.81
219.83
219.85
219.88
219.90
219.90
219.92
219.94
219.96
219.96
219.98
220.00
220.03
220.05
220.05
220.07
220.09
220.11
220.13
220.13
220.15
220.17
220.20
220.20
220.22
220.24
220.26
220.28
220.28
220.30
220.32
220.35
220.35
220.37
220.39
220.41
220.43
220.45
220.45
220.47
220.49
220.49
220.52
220.54
220.56
220.58
220.60
220.60
220.62
220.64
220.64
220.67
220.69
220.71
220.73
220.75
220.75
220.77
220.79
220.79
220.81
220.84
220.86
220.88
220.90
220.90
220.92
220.94
220.94
220.96
220.99
221.01
221.03
221.05
221.05
221.07
221.09
221.09
221.11
221.13
221.16
221.18
221.20
221.20
221.22
221.24
221.24
221.26
221.28
221.31
221.33
221.35
221.35
221.37
221.39
221.41
221.41
221.43
221.45
221.48
221.50
221.50
221.52
221.54
221.56
221.56
221.58
221.60
221.63
221.65
221.65
221.67
221.69
221.71
221.73
221.73
221.75
221.77
221.80
221.80
221.82
221.84
221.86
221.88
221.88
221.90
221.92
221.95
221.95
221.97
221.99
222.01
222.03
222.05
222.05
222.07
222.09
222.09
222.12
222.14
222.16
222.18
222.20
222.20
222.22
222.24
222.24
222.27
222.29
222.31
222.33
222.35
222.35
222.37
222.39
222.39
222.41
222.44
222.46
222.48
222.50
222.50
222.52
222.54
222.54
222.56
222.59
222.61
222.63
222.65
222.65
222.67
222.69
222.69
222.71
222.73
222.76
222.78
222.80
222.80
222.82
222.84
222.84
222.86
222.88
222.91
222.93
222.95
222.95
222.97
222.99
223.01
223.01
223.03
223.05
223.08
223.10
223.10
223.12
223.14
223.16
223.16
223.18
223.20
223.23
223.25
223.25
223.27
223.29
223.31
223.33
223.33
223.35
223.37
223.40
223.40
223.42
223.44
223.46
223.48
223.48
223.50
223.52
223.55
223.55
223.57
223.59
223.61
223.63
223.65
223.65
223.67
223.69
223.69
223.72
223.74
223.76
223.78
223.80
223.80
223.82
223.84
223.84
223.87
223.89
223.91
223.93
223.95
223.95
223.97
223.99
223.99
224.01
224.04
224.06
224.08
224.10
224.10
224.12
224.14
224.14
224.16
224.19
224.21
224.23
224.25
224.25
224.27
224.29
224.29
224.31
224.33
224.36
224.38
224.40
224.40
224.42
224.44
224.44
224.46
224.48
224.51
224.53
224.55
224.55
224.57
224.59
224.61
224.61
224.63
224.65
224.68
224.70
224.70
224.72
224.74
224.76
224.76
224.78
224.80
224.83
224.85
224.85
224.87
224.89
224.91
224.93
224.93
224.95
224.97
225.00
225.00
225.02
225.04
225.06
225.08
225.08
225.10
225.12
225.15
225.15
225.17
225.19
225.21
225.23
225.25
225.25
225.27
225.29
225.29
225.32
225.34
225.36
225.38
225.40
225.40
225.42
225.44
225.44
225.47
225.49
225.51
225.53
225.55
225.55
225.57
225.59
225.59
225.61
225.64
225.66
225.68
225.70
225.70
225.72
225.74
225.74
225.76
225.79
225.81
225.83
225.85
225.85
225.87
225.89
225.89
225.91
225.93
225.96
225.98
226.00
226.00
226.02
226.04
226.04
226.06
226.08
226.11
226.13
226.15
226.15
226.17
226.19
226.21
226.21
226.23
226.25
226.28
226.30
226.30
226.32
226.34
226.36
226.36
226.38
226.40
226.43
226.45
226.45
226.47
226.49
226.51
226.53
226.53
226.55
226.57
226.60
226.60
226.62
226.64
226.66
226.68
226.68
226.70
226.72
226.75
226.75
226.77
226.79
226.81
226.83
226.85
226.85
226.87
226.89
226.89
226.92
226.94
226.96
226.98
227.00
227.00
227.02
227.04
227.04
227.07
227.09
227.11
227.13
227.15
227.15
227.17
227.19
227.19
227.21
227.24
227.26
227.28
227.30
227.30
227.32
227.34
227.34
227.36
227.39
227.41
227.43
227.45
227.45
227.47
227.49
227.49
227.51
227.53
227.56
227.58
227.60
227.60
227.62
227.64
227.64
227.66
227.68
227.71
227.73
227.75
227.75
227.77
227.79
227.81
227.81
227.83
227.85
227.88
227.90
227.90
227.92
227.94
227.96
227.96
227.98
228.00
228.03
228.05
228.05
228.07
228.09
228.11
228.13
228.13
228.15
228.17
228.20
228.20
228.22
228.24
228.26
228.28
228.28
228.30
228.32
228.35
228.35
228.37
228.39
228.41
228.43
228.45
228.45
228.47
228.49
228.49
228.52
228.54
228.56
228.58
228.60
228.60
228.62
228.64
228.64
228.67
228.69
228.71
228.73
228.75
228.75
228.77
228.79
228.79
228.81
228.84
228.86
228.88
228.90
228.90
228.92
228.94
228.94
228.96
228.99
229.01
229.03
229.05
229.05
229.07
229.09
229.09
229.11
229.13
229.16
229.18
229.20
229.20
229.22
229.24
229.24
229.26
229.28
229.31
229.33
229.35
229.35
229.37
229.39
229.41
229.41
229.43
229.45
229.48
229.50
229.50
229.52
229.54
229.56
229.56
229.58
229.60
229.63
229.65
229.65
229.67
229.69
229.71
229.73
229.73
229.75
229.77
229.80
229.80
229.82
229.84
229.86
229.88
229.88
229.90
229.92
229.95
229.95
229.97
229.99
230.01
230.03
230.05
230.05
230.07
230.09
230.09
230.12
230.14
230.16
230.18
230.20
230.20
230.22
230.24
230.24
230.27
230.29
230.31
230.33
230.35
230.35
230.37
230.39
230.39
230.41
230.44
230.46
230.48
230.50
230.50
230.52
230.54
230.54
230.56
230.59
230.61
230.63
230.65
230.65
230.67
230.69
230.69
230.71
230.73
230.76
230.78
230.80
230.80
230.82
230.84
230.84
230.86
230.88
230.91
230.93
230.95
230.95
230.97
230.99
231.01
231.01
231.03
231.05
231.08
231.10
231.10
231.12
231.14
231.16
231.16
231.18
231.20
231.23
231.25
231.25
231.27
231.29
231.31
231.33
231.33
231.35
231.37
231.40
231.40
231.42
231.44
231.46
231.48
231.48
231.50
231.52
231.55
231.55
231.57
231.59
231.61
231.63
231.65
231.65
231.67
231.69
231.69
231.72
231.74
231.76
231.78
231.80
231.80
231.82
231.84
231.84
231.87
231.89
231.91
231.93
231.95
231.95
231.97
231.99
231.99
232.01
232.04
232.06
232.08
232.10
232.10
232.16
232.19
232.21
232.23
232.25
232.25
232.31
232.33
232.36
232.38
232.40
232.40
232.42
232.44
232.44
232.46
232.48
232.51
232.53
232.55
232.55
