4.08
5.08
6.06
6.09
7.02
7.05
7.07
7.09
8.03
8.05
8.07
8.09
8.09
8.11
8.45
8.45
8.47
9.05
9.05
9.07
9.09
9.11
10.05
10.05
10.07
10.10
10.12
11.03
11.06
11.06
11.08
11.10
12.06
12.06
12.08
13.04
13.06
13.06
13.08
14.06
14.09
15.05
15.07
15.09
15.11
15.11
15.13
15.15
15.15
15.17
16.05
16.07
16.09
16.09
16.11
17.05
17.05
17.07
17.09
17.11
17.14
18.05
18.05
18.07
18.10
19.06
19.06
19.08
19.10
20.02
20.04
20.06
20.06
20.08
20.10
20.10
20.12
20.14
20.17
20.19
20.21
20.21
20.23
20.25
20.25
20.27
20.29
20.31
20.34
20.36
20.36
20.38
20.40
20.42
20.42
20.44
20.46
20.49
20.51
20.51
20.53
20.55
20.57
20.57
20.59
20.61
20.63
20.66
20.66
20.68
20.70
20.72
20.74
20.74
20.76
20.78
20.81
20.81
20.83
20.85
20.87
20.89
20.89
20.91
20.93
20.95
20.95
20.98
21.00
21.02
21.04
21.06
21.06
21.08
21.10
21.11
21.13
21.15
21.17
21.19
21.21
21.21
21.23
21.25
21.25
21.27
21.30
21.32
21.34
21.36
21.36
21.38
21.40
21.40
21.42
21.45
21.47
21.49
21.51
21.51
21.53
21.55
21.57
21.57
21.59
21.62
21.64
21.66
21.68
21.68
21.70
21.70
21.72
21.74
21.77
21.79
21.81
21.81
21.83
21.85
21.87
21.87
21.89
21.91
21.94
21.96
21.96
21.98
22.00
22.02
22.02
22.04
22.06
22.09
22.11
22.11
22.13
22.15
22.17
22.17
22.19
22.21
22.23
22.38
22.41
22.41
22.43
22.45
22.47
22.49
22.49
22.51
22.53
22.92
23.02
23.02
23.05
23.07
23.09
23.11
23.13
23.13
23.49
23.51
23.86
23.86
24.03
24.03
24.05
24.07
24.09
24.09
24.11
24.13
24.15
24.18
24.18
24.20
24.22
24.24
24.26
24.26
24.28
24.30
24.33
24.33
24.35
24.37
24.39
24.41
24.41
24.43
24.45
24.47
24.47
24.50
24.65
24.67
24.69
24.71
24.73
24.73
24.75
25.01
25.03
25.03
25.05
25.05
25.07
25.09
25.11
25.14
26.05
26.07
26.07
26.10
26.12
27.03
27.06
27.08
27.08
27.10
28.04
28.06
28.08
28.08
28.10
28.10
28.12
28.14
28.17
28.19
28.21
28.21
28.23
28.25
28.27
28.27
28.29
28.31
28.34
28.36
28.38
28.38
28.40
28.42
28.42
28.44
28.46
28.49
28.51
28.53
28.53
28.55
28.66
28.68
28.68
28.70
28.72
28.74
28.74
28.76
28.78
28.81
28.83
28.83
28.85
28.87
28.89
28.89
28.91
28.93
28.95
28.98
28.98
29.00
29.02
29.04
29.06
29.06
29.08
29.10
29.13
29.13
29.15
29.17
29.19
29.21
29.21
29.23
29.25
29.27
29.27
29.30
29.32
29.34
29.36
29.38
29.38
29.40
29.42
29.42
29.45
29.47
30.02
30.02
30.04
30.06
30.09
30.11
30.13
30.13
30.15
30.17
30.17
30.19
30.21
30.60
30.62
31.05
31.07
31.09
31.11
31.13
31.13
31.45
31.83
31.86
31.88
31.88
32.03
32.03
32.05
32.07
32.09
32.09
32.11
32.13
32.15
32.18
32.18
33.03
33.03
33.05
33.07
33.07
33.09
33.11
34.05
34.07
34.10
34.10
35.06
35.08
35.10
35.10
36.02
36.04
36.06
36.08
36.10
36.10
36.12
36.14
36.14
36.17
36.19
36.21
36.23
36.25
36.25
36.27
36.29
36.29
36.31
36.34
36.36
36.38
36.40
36.40
36.42
36.44
36.44
36.46
36.49
36.51
36.53
36.55
36.55
36.57
36.59
36.59
36.61
36.63
36.66
36.68
36.70
36.70
36.72
36.74
36.74
36.76
36.78
36.81
36.83
36.85
36.85
36.87
36.89
36.89
36.91
36.93
36.95
36.98
37.00
37.00
37.02
37.04
37.06
37.06
37.08
37.10
37.13
37.15
37.15
37.17
37.19
37.21
37.21
37.23
37.25
37.27
37.30
37.30
37.32
37.34
37.36
37.38
37.38
37.40
37.42
37.45
37.45
37.47
37.49
37.51
37.53
37.53
37.55
37.57
37.59
37.59
37.62
37.64
37.66
37.68
37.70
37.70
37.72
37.74
37.74
37.77
37.79
37.81
37.83
37.85
37.85
37.87
37.89
37.89
37.91
37.94
37.96
37.98
38.00
38.00
38.02
38.04
38.04
38.06
38.09
38.11
38.13
38.28
38.30
38.30
38.32
38.34
38.34
38.36
38.38
38.55
38.58
38.60
38.60
38.62
38.64
38.66
38.66
38.79
38.81
38.81
38.83
38.85
38.87
38.90
38.90
38.92
38.94
39.02
39.05
39.05
39.07
39.09
39.11
39.13
39.13
39.15
39.17
39.19
39.19
39.22
39.28
39.30
39.30
39.32
39.34
39.34
39.37
39.39
39.41
39.43
39.45
39.45
39.47
39.49
39.49
39.51
39.54
39.56
39.58
39.60
39.60
39.62
39.64
39.64
39.66
39.69
39.71
39.77
39.79
39.79
39.81
39.83
39.86
39.88
39.90
39.90
39.92
39.94
39.94
39.96
39.98
40.01
40.03
40.05
40.05
40.07
40.09
40.09
40.11
40.13
40.15
40.18
40.20
40.20
40.22
40.24
40.26
40.26
40.28
40.30
40.33
40.35
40.35
40.37
40.39
40.41
40.41
40.43
40.45
40.47
40.50
40.50
40.52
40.54
40.56
40.58
40.58
40.60
40.62
40.65
40.65
40.67
40.69
40.71
40.73
40.73
40.75
40.77
40.79
40.79
40.82
40.84
40.86
40.88
40.90
40.90
40.92
40.94
40.94
40.97
40.99
41.01
41.03
41.05
41.05
41.07
41.09
41.09
41.11
41.14
41.16
41.18
41.20
41.20
41.22
41.24
41.24
41.26
41.29
41.31
41.33
41.35
41.35
41.37
41.39
41.39
41.41
41.43
41.46
41.48
41.50
41.50
41.52
41.54
41.54
41.56
41.58
41.61
41.63
41.65
41.65
41.67
41.69
41.69
41.71
41.73
41.75
41.78
41.80
41.80
41.82
41.84
41.86
41.86
41.88
41.90
41.93
41.95
41.95
41.97
41.99
42.01
42.01
42.03
42.05
42.07
42.10
42.10
42.12
42.14
42.16
42.18
42.18
42.20
42.22
42.25
42.25
42.27
42.29
42.31
42.33
42.33
42.35
42.37
42.39
42.39
42.42
42.44
42.46
42.48
42.50
42.50
42.52
42.54
42.54
42.57
42.59
42.61
42.63
42.65
42.65
42.67
42.69
42.69
42.71
42.74
42.76
42.78
42.80
42.80
42.82
42.84
42.84
42.86
42.89
42.91
42.93
42.95
42.95
42.97
42.99
42.99
43.01
43.03
43.06
43.08
43.10
43.10
43.12
43.14
43.14
43.16
43.18
43.21
43.23
43.25
43.25
43.27
43.29
43.29
43.31
43.33
43.35
43.38
43.40
43.40
43.42
43.44
43.46
43.46
43.48
43.50
43.53
43.55
43.55
43.57
43.59
43.61
43.61
43.63
43.65
43.67
43.70
43.70
43.72
43.74
43.76
43.78
43.78
43.80
43.82
43.85
43.85
43.87
43.89
43.91
43.93
43.93
43.95
43.97
43.99
43.99
44.02
44.04
44.06
44.08
44.10
44.10
44.12
44.14
44.14
44.17
44.19
44.21
44.23
44.25
44.25
44.27
44.29
44.29
44.31
44.34
44.36
44.38
44.40
44.40
44.42
44.44
44.44
44.46
44.49
44.51
44.53
44.55
44.55
44.57
44.59
44.59
44.61
44.63
44.66
44.68
44.70
44.70
44.72
44.74
44.74
44.76
44.78
44.81
44.83
44.85
44.87
44.87
44.89
44.89
44.91
44.93
44.95
44.98
45.00
45.00
45.02
45.04
45.06
45.06
45.08
45.10
45.13
45.15
45.15
45.17
45.19
45.21
45.21
45.23
45.25
45.27
45.30
45.30
45.32
45.34
45.36
45.38
45.38
45.40
45.42
45.45
45.45
45.47
45.49
45.51
45.53
45.53
45.55
45.57
45.59
45.59
45.62
45.64
45.66
45.68
45.70
45.70
45.72
45.74
45.74
45.77
45.79
45.81
45.83
45.85
45.85
45.87
45.89
45.89
45.91
45.94
45.96
45.98
46.00
46.00
46.02
46.04
46.04
46.06
46.09
46.11
46.13
46.15
46.15
46.17
46.19
46.19
46.21
46.23
46.26
46.28
46.30
46.30
46.32
46.34
46.34
46.36
46.38
46.41
46.43
46.45
46.45
46.47
46.49
46.49
46.51
46.53
46.55
46.58
46.60
46.60
46.62
46.64
46.66
46.66
46.68
46.70
46.73
46.75
46.75
46.77
46.79
46.81
46.81
46.83
46.85
46.87
46.90
46.90
46.92
46.94
46.96
46.98
46.98
47.00
47.02
47.05
47.05
47.07
47.09
47.11
47.13
47.13
47.15
47.17
47.19
47.19
47.22
47.24
47.26
47.28
47.30
47.30
47.32
47.34
47.34
47.37
47.39
47.41
47.43
47.45
47.45
47.54
47.56
47.58
47.60
47.60
47.62
47.64
47.64
47.66
47.77
47.79
47.79
47.81
47.83
47.86
47.88
47.90
47.90
48.03
48.05
48.05
48.07
48.09
48.09
48.11
48.30
48.33
48.54
48.56
48.58
48.58
48.79
48.79
48.82
49.03
49.05
49.05
49.07
49.09
49.11
49.11
49.29
49.31
49.33
49.54
49.56
49.56
49.58
49.80
49.80
49.82
49.84
49.86
49.86
50.03
50.05
50.07
50.10
50.10
50.12
50.14
50.29
50.31
50.33
50.33
50.35
50.37
50.39
50.39
50.42
50.54
50.54
50.57
50.59
50.61
50.63
50.65
50.65
50.67
50.80
50.80
50.82
50.84
50.84
50.86
50.89
50.91
50.93
50.95
50.95
51.01
51.01
51.03
51.06
51.08
51.10
51.10
51.12
51.14
51.14
51.16
51.18
51.31
51.33
51.35
51.38
51.40
51.40
51.42
51.44
51.57
51.59
51.61
51.61
51.80
51.82
51.85
51.85
51.87
51.89
51.91
52.02
52.04
52.06
52.08
52.10
52.10
52.12
52.14
52.14
52.17
52.19
52.21
52.23
52.25
52.25
52.27
52.29
52.29
52.31
52.34
52.36
52.38
52.40
52.41
52.42
52.44
52.44
52.46
52.49
52.51
52.53
52.55
52.57
52.57
52.59
52.61
52.61
52.63
52.66
52.68
52.70
52.72
52.72
52.74
52.76
52.76
52.78
52.81
52.83
52.85
52.87
52.87
52.89
52.91
52.91
52.93
52.95
52.98
53.00
53.02
53.02
53.04
53.06
53.06
53.08
53.10
53.13
53.15
53.15
53.17
53.19
53.21
53.21
53.23
53.25
53.27
53.30
53.32
53.32
53.34
53.36
53.38
53.38
53.40
53.42
53.45
53.47
53.47
53.49
53.51
53.53
53.53
53.55
53.57
53.59
53.62
53.62
53.64
53.66
53.68
53.70
53.70
53.72
53.74
53.77
53.77
53.79
53.81
53.83
53.85
53.85
53.87
53.89
53.91
53.91
53.94
53.96
53.98
54.00
54.00
54.02
54.04
54.04
54.06
54.09
54.11
54.13
54.15
54.17
54.17
54.19
54.19
54.21
54.26
54.28
54.30
54.32
54.32
54.34
54.53
54.55
54.58
54.64
54.79
54.81
54.81
54.83
54.85
54.87
54.90
54.92
54.92
54.94
54.96
55.02
55.05
55.07
55.07
55.09
55.11
55.13
55.13
55.15
55.28
55.30
55.30
55.32
55.34
55.51
55.51
55.54
55.56
55.58
55.60
55.77
55.77
55.79
55.80
55.81
55.83
55.86
55.88
55.90
55.90
56.03
56.05
56.05
56.07
56.09
56.11
56.11
56.13
56.15
56.18
56.20
56.22
56.22
56.24
56.26
56.26
56.28
56.30
56.33
56.35
56.35
56.37
56.39
56.41
56.41
56.43
56.45
56.47
56.50
56.50
56.52
56.54
56.56
56.58
56.58
56.60
56.62
56.65
56.67
56.67
56.69
56.71
56.73
56.73
56.75
56.77
56.79
56.82
56.82
56.84
56.86
56.88
56.90
56.90
56.92
56.94
56.97
56.97
56.99
57.01
57.03
57.05
57.05
57.07
57.09
57.11
57.11
57.14
57.16
57.18
57.20
57.20
57.22
57.24
57.26
57.26
57.29
57.31
57.33
57.35
57.37
57.37
57.39
57.41
57.41
57.43
57.46
57.48
57.54
57.56
57.56
57.58
57.61
57.63
57.65
57.67
57.67
57.69
57.69
57.71
57.73
57.78
57.80
57.82
57.82
57.84
57.86
57.86
57.88
57.90
57.93
57.95
58.03
58.05
58.07
58.10
58.12
58.12
58.14
58.16
58.18
58.18
58.20
58.22
58.25
58.29
58.31
58.33
58.33
58.35
58.37
58.39
58.42
58.42
58.44
58.46
58.48
58.57
58.57
58.59
58.61
58.63
58.65
58.65
58.67
58.69
58.69
58.78
58.80
58.82
58.82
58.84
58.84
58.86
58.89
58.91
58.93
58.95
59.03
59.06
59.08
59.10
59.12
59.12
59.14
59.16
59.16
59.29
59.31
59.31
59.33
59.35
59.38
59.40
59.42
59.42
59.44
59.55
59.57
59.57
59.59
59.61
59.61
59.80
59.82
59.85
59.87
59.87
60.02
60.02
60.04
60.06
60.08
60.10
60.10
60.12
60.14
60.14
60.17
60.19
60.21
60.23
60.25
60.25
60.27
60.29
60.31
60.31
60.34
60.36
60.38
60.40
60.42
60.42
60.44
60.44
60.46
60.49
60.51
60.53
60.55
60.57
60.57
60.59
60.61
60.61
60.63
60.66
60.68
60.76
60.78
60.81
60.83
60.85
60.87
60.87
60.89
60.91
60.91
60.93
60.95
60.98
61.00
61.02
61.02
61.04
61.06
61.06
61.08
61.10
61.13
61.15
61.15
61.17
61.19
61.25
61.27
61.30
61.30
61.32
61.34
61.36
61.38
61.38
61.40
61.42
61.45
61.47
61.47
61.49
61.51
61.53
61.53
61.55
61.57
61.59
61.62
61.62
61.64
61.66
61.68
61.70
61.70
61.72
61.74
61.77
61.77
61.79
61.81
61.83
61.85
61.85
61.87
61.89
61.91
61.91
61.94
61.96
61.98
62.00
62.02
62.02
62.04
62.06
62.06
62.09
62.11
62.13
62.15
62.17
62.17
62.19
62.21
62.21
62.23
62.26
62.28
62.30
62.32
62.32
62.34
62.36
62.36
62.38
62.41
62.43
62.45
62.53
62.55
62.58
62.60
62.62
62.62
62.64
62.66
62.66
62.68
62.70
62.73
62.79
62.81
62.81
62.83
62.85
62.87
62.90
62.90
62.92
62.94
62.96
62.98
62.98
63.00
63.02
63.05
63.05
63.07
63.09
63.11
63.13
63.13
63.15
63.17
63.19
63.22
63.22
63.28
63.30
63.30
63.32
63.34
63.35
63.37
63.39
63.41
63.43
63.45
63.45
63.47
63.49
63.51
63.51
63.54
63.56
63.58
63.60
63.62
63.62
63.64
63.66
63.66
63.69
63.71
63.73
63.75
63.77
63.77
63.79
63.81
63.81
63.83
63.86
63.88
63.90
63.92
63.92
63.94
63.96
63.96
63.98
64.03
64.05
64.07
64.07
64.09
64.11
64.11
64.13
64.15
64.18
64.20
64.22
64.22
64.24
64.26
64.26
64.28
64.30
64.33
64.35
64.37
64.37
64.39
64.41
64.41
64.43
64.45
64.47
64.50
64.52
64.52
64.54
64.56
64.58
64.58
64.60
64.62
64.65
64.67
64.67
64.69
64.71
64.73
64.73
64.75
64.77
64.79
64.82
64.82
64.84
64.86
64.88
64.90
64.90
64.92
64.94
64.97
64.97
65.01
65.03
65.05
65.05
65.07
65.09
65.11
65.11
65.14
65.16
65.18
65.20
65.22
65.22
65.29
65.31
65.33
65.35
65.37
65.37
65.39
65.41
65.41
65.43
65.46
65.54
65.56
65.56
65.58
65.61
65.63
65.65
65.67
65.67
65.69
65.71
65.71
65.78
65.80
65.82
65.82
65.84
65.86
65.86
65.88
65.90
65.93
66.03
66.05
66.07
66.10
66.12
66.12
66.14
66.16
66.18
66.18
66.20
66.22
66.25
66.27
66.27
66.29
66.31
66.33
66.33
66.35
66.37
66.39
66.42
66.42
66.44
66.54
66.57
66.57
66.59
66.61
66.63
66.65
66.65
66.67
66.78
66.80
66.82
66.82
66.84
66.86
66.86
66.89
66.91
66.93
67.03
67.06
67.08
67.10
67.12
67.12
67.14
67.31
67.31
67.33
67.35
67.55
67.57
67.57
67.59
67.78
67.78
67.80
67.82
67.85
68.02
68.02
68.04
68.06
68.08
68.10
68.10
68.12
68.14
68.17
68.17
68.19
68.21
68.23
68.25
68.25
68.27
68.29
68.31
68.31
68.34
68.36
68.38
68.40
68.42
68.42
68.44
68.46
68.46
68.49
68.51
68.53
68.55
68.57
68.57
68.59
68.61
68.61
68.63
68.66
68.68
68.70
68.72
68.72
68.74
68.76
68.76
68.78
68.81
68.83
68.85
68.87
68.87
68.89
68.91
68.91
68.93
68.95
68.98
69.00
69.02
69.02
69.04
69.06
69.06
69.08
69.10
69.13
69.15
69.17
69.17
69.19
69.21
69.21
69.23
69.25
69.27
69.30
69.32
69.32
69.34
69.36
69.38
69.38
69.40
69.42
69.45
69.47
69.47
69.49
69.51
69.53
69.53
69.55
69.57
69.59
69.62
69.62
69.64
69.66
69.68
69.70
69.70
69.72
69.74
69.77
69.77
69.79
69.81
69.83
69.85
69.85
69.87
69.89
69.91
69.91
69.94
69.96
69.98
70.00
70.02
70.02
70.04
70.06
70.06
70.09
70.11
70.13
70.15
70.17
70.17
70.19
70.21
70.21
70.23
70.26
70.28
70.30
70.32
70.32
70.34
70.36
70.36
70.38
70.41
70.43
70.45
70.47
70.47
70.49
70.51
70.51
70.53
70.55
70.58
70.60
70.62
70.62
70.64
70.66
70.66
70.68
70.70
70.73
70.75
70.77
70.77
70.79
70.81
70.81
70.83
70.85
70.87
70.90
70.92
70.92
70.94
70.96
70.98
70.98
71.00
71.02
71.05
71.07
71.07
71.09
71.11
71.13
71.13
71.15
71.17
71.19
71.22
71.22
71.24
71.26
71.28
71.30
71.30
71.32
71.34
71.37
71.37
71.39
71.41
71.43
71.45
71.45
71.47
71.49
71.51
71.51
71.54
71.56
71.58
71.60
71.62
71.62
71.64
71.66
71.66
71.69
71.71
71.73
71.75
71.77
71.77
71.79
71.81
71.81
71.83
71.86
71.88
71.90
71.92
71.92
71.94
71.96
71.96
71.98
72.01
72.03
72.05
72.07
72.07
72.09
72.11
72.11
72.13
72.15
72.18
72.20
72.22
72.22
72.24
72.26
72.26
72.28
72.30
72.33
72.35
72.37
72.37
72.39
72.41
72.41
72.43
72.45
72.47
72.50
72.52
72.52
72.54
72.56
72.58
72.58
72.60
72.62
72.65
72.67
72.67
72.69
72.71
72.73
72.73
72.75
72.77
72.79
72.82
72.82
72.84
72.86
72.88
72.90
72.90
72.92
72.94
72.97
72.97
72.99
73.01
73.03
73.05
73.05
73.07
73.09
73.11
73.11
73.14
73.16
73.18
73.20
73.22
73.22
73.24
73.26
73.26
73.29
73.31
73.33
73.35
73.37
73.37
73.39
73.41
73.41
73.43
73.46
73.48
73.50
73.52
73.52
73.54
73.56
73.56
73.58
73.61
73.63
73.65
73.67
73.67
73.69
73.71
73.71
73.73
73.75
73.78
73.80
73.82
73.82
73.84
73.86
73.86
73.88
73.90
73.93
73.95
73.97
73.97
73.99
74.01
74.01
74.03
74.05
74.07
74.10
74.12
74.14
74.14
74.16
74.18
74.18
74.20
74.22
74.25
74.27
74.29
74.29
74.31
74.33
74.33
74.35
74.37
74.39
74.42
74.44
74.44
74.46
74.48
74.50
74.50
74.52
74.54
74.57
74.59
74.59
74.61
74.63
74.65
74.65
74.67
74.69
74.71
74.74
74.74
74.76
74.78
74.80
74.82
74.82
74.84
74.86
74.89
74.89
74.91
74.93
74.95
74.97
74.97
74.99
75.01
75.03
75.03
75.06
75.08
75.10
75.12
75.14
75.14
75.16
75.18
75.18
75.21
75.23
75.25
75.27
75.29
75.29
75.31
75.33
75.33
75.35
75.38
75.40
75.42
75.44
75.44
75.46
75.46
75.48
75.50
75.53
75.55
75.57
75.59
75.59
75.61
75.63
75.63
75.65
75.67
75.70
75.72
75.74
75.74
75.76
75.78
75.78
75.80
75.82
75.85
75.87
75.87
75.89
75.91
75.93
75.93
75.95
75.97
75.99
76.02
76.04
76.04
76.06
76.08
76.10
76.10
76.12
76.14
76.17
76.19
76.19
76.21
76.23
76.25
76.25
76.27
76.29
76.31
76.31
76.34
76.36
76.38
76.40
76.42
76.42
76.44
76.46
76.49
76.49
76.51
76.53
76.55
76.57
76.57
76.59
76.61
76.63
76.63
76.66
76.68
76.70
76.72
76.74
76.74
76.76
76.78
76.78
76.81
76.83
76.85
76.87
76.89
76.89
76.91
76.93
76.93
76.95
76.98
77.00
77.02
77.02
77.04
77.06
77.08
77.08
77.10
77.13
77.15
77.17
77.19
77.19
77.21
77.23
77.23
77.25
77.27
77.30
77.32
77.34
77.34
77.36
77.38
77.38
77.40
77.42
77.45
77.47
77.49
77.49
77.51
77.53
77.53
77.55
77.57
77.59
77.62
77.64
77.64
77.66
77.68
77.70
77.70
77.72
77.74
77.77
77.79
77.79
77.81
77.83
77.85
77.85
77.87
77.89
77.91
77.94
77.94
77.96
77.98
78.00
78.02
78.02
78.04
78.06
78.09
78.09
78.11
78.13
78.15
78.17
78.17
78.19
78.21
78.23
78.23
78.26
78.28
78.30
78.32
78.34
78.34
78.36
78.38
78.38
78.41
78.43
78.45
78.47
78.49
78.49
78.51
78.52
78.53
78.55
78.58
78.60
78.62
78.64
78.64
78.66
78.66
78.68
78.70
78.73
78.75
78.77
78.79
78.79
78.81
78.83
78.83
78.85
78.87
78.90
78.92
78.94
78.94
78.96
78.98
78.98
79.00
79.02
79.05
79.07
79.09
79.09
79.11
79.13
79.13
79.15
79.17
79.19
79.22
79.24
79.24
79.26
79.28
79.30
79.30
79.32
79.34
79.37
79.39
79.39
79.41
79.43
79.45
79.45
79.47
79.49
79.51
79.54
79.54
79.56
79.58
79.60
79.62
79.62
79.64
79.66
79.69
79.69
79.71
79.73
79.75
79.77
79.77
79.79
79.81
79.83
79.83
79.86
79.88
79.90
79.92
79.94
79.94
79.96
79.98
79.98
80.01
80.03
80.05
80.07
80.09
80.09
80.11
80.13
80.13
80.15
80.18
80.20
80.22
80.24
80.24
80.26
80.28
80.28
80.30
80.33
80.35
80.37
80.39
80.39
80.41
80.43
80.43
80.45
80.47
80.50
80.52
80.54
80.54
80.56
80.58
80.58
80.60
80.62
80.65
80.67
80.68
80.69
80.71
80.73
80.73
80.75
80.77
80.79
80.82
80.84
80.84
80.86
80.88
80.90
80.90
80.92
80.94
80.97
80.99
80.99
81.01
81.03
81.05
81.05
81.07
81.09
81.11
81.14
81.14
81.16
81.18
81.20
81.22
81.22
81.24
81.26
81.29
81.29
81.31
81.33
81.35
81.37
81.37
81.39
81.41
81.43
81.43
81.46
81.48
81.50
81.52
81.54
81.54
81.56
81.58
81.58
81.61
81.63
81.65
81.67
81.69
81.69
81.71
81.73
81.73
81.75
81.78
81.80
81.82
81.84
81.84
81.86
81.88
81.88
81.90
81.93
81.95
81.97
81.99
81.99
82.01
82.01
82.03
82.05
82.07
82.10
82.12
82.14
82.14
82.16
82.18
82.18
82.20
82.22
82.25
82.27
82.29
82.29
82.31
82.33
82.33
82.35
82.37
82.39
82.42
82.44
82.44
82.46
82.48
82.50
82.50
82.52
82.54
82.57
82.59
82.59
82.61
82.63
82.65
82.65
82.67
82.69
82.71
82.74
82.74
82.76
82.78
82.80
82.82
82.82
82.84
82.86
82.89
82.89
82.91
82.93
82.95
82.97
82.97
82.99
83.01
83.03
83.03
83.06
83.08
83.10
83.12
83.14
83.14
83.16
83.18
83.18
83.21
83.23
83.25
83.27
83.29
83.29
83.31
83.33
83.33
83.35
83.38
83.40
83.42
83.44
83.44
83.46
83.48
83.48
83.50
83.53
83.55
83.57
83.59
83.59
83.61
83.63
83.63
83.65
83.67
83.70
83.72
83.74
83.74
83.76
83.78
83.78
83.80
83.82
83.85
83.87
83.89
83.89
83.91
83.93
83.93
83.95
83.97
83.99
84.02
84.04
84.04
84.06
84.08
84.10
84.10
84.12
84.14
84.17
84.19
84.19
84.21
84.23
84.25
84.25
84.27
84.29
84.31
84.33
84.34
84.36
84.38
84.40
84.42
84.42
84.44
84.46
84.49
84.49
84.51
84.53
84.55
84.57
84.57
84.59
84.61
84.63
84.63
84.66
84.68
84.70
84.72
84.74
84.74
84.76
84.78
84.78
84.81
84.83
84.85
84.87
84.89
84.89
84.91
84.93
84.93
84.95
84.98
85.00
85.02
85.04
85.04
85.06
85.08
85.08
85.10
85.13
85.15
85.17
85.19
85.19
85.21
85.23
85.23
85.25
85.27
85.30
85.32
85.34
85.34
85.36
85.38
85.38
85.40
85.42
85.45
85.47
85.49
85.49
85.51
85.53
85.53
85.55
85.57
85.59
85.62
85.64
85.64
85.66
85.68
85.70
85.70
85.72
85.74
85.77
85.79
85.79
85.81
85.83
85.85
85.85
85.87
85.89
85.91
85.94
85.94
85.96
85.98
86.00
86.02
86.02
86.04
86.06
86.09
86.09
86.11
86.13
86.15
86.17
86.17
86.19
86.21
86.23
86.23
86.26
86.28
86.30
86.32
86.34
86.34
86.36
86.38
86.38
86.41
86.43
86.45
86.47
86.49
86.49
86.51
86.53
86.53
86.55
86.58
86.60
86.62
86.64
86.64
86.66
86.68
86.68
86.70
86.73
86.75
86.77
86.79
86.79
86.81
86.83
86.83
86.85
86.87
86.90
86.92
86.94
86.94
86.96
86.98
86.98
87.00
87.02
87.05
87.07
87.09
87.09
87.11
87.13
87.13
87.15
87.17
87.19
87.22
87.24
87.24
87.26
87.28
87.30
87.30
87.32
87.34
87.37
87.39
87.39
87.41
87.43
87.45
87.45
87.47
87.49
87.51
87.54
87.54
87.56
87.58
87.60
87.62
87.62
87.64
87.66
87.69
87.69
87.71
87.73
87.75
87.77
87.77
87.79
87.81
87.83
87.83
87.86
87.88
87.90
87.92
87.94
87.94
87.96
87.98
87.98
88.01
88.03
88.05
88.07
88.09
88.09
88.11
88.13
88.13
88.15
88.18
88.20
88.22
88.24
88.24
88.26
88.28
88.28
88.30
88.33
88.35
88.37
88.39
88.39
88.41
88.43
88.43
88.45
88.47
88.50
88.52
88.54
88.54
88.56
88.58
88.58
88.60
88.62
88.65
88.67
88.69
88.69
88.71
88.73
88.73
88.75
88.77
88.79
88.82
88.84
88.84
88.86
88.88
88.90
88.90
88.92
88.94
88.97
88.99
88.99
89.01
89.03
89.05
89.05
89.07
89.09
89.11
89.14
89.14
89.16
89.18
89.20
89.22
89.22
89.24
89.26
89.29
89.29
89.31
89.33
89.35
89.37
89.37
89.39
89.41
89.43
89.43
89.46
89.48
89.50
89.52
89.54
89.54
89.56
89.58
89.58
89.61
89.63
89.65
89.67
89.69
89.69
89.71
89.73
89.73
89.75
89.78
89.80
89.82
89.84
89.84
89.86
89.88
89.88
89.90
89.93
89.95
89.97
89.99
89.99
90.01
90.03
90.03
90.05
90.07
90.10
90.12
90.14
90.14
90.16
90.18
90.18
90.20
90.22
90.25
90.27
90.29
90.29
90.31
90.33
90.33
90.35
90.37
90.39
90.42
90.44
90.44
90.46
90.48
90.50
90.50
90.52
90.54
90.57
90.59
90.59
90.61
90.63
90.65
90.65
90.67
90.69
90.71
90.74
90.74
90.76
90.78
90.80
90.82
90.82
90.84
90.86
90.89
90.89
90.91
90.93
90.95
90.97
90.97
90.99
91.01
91.03
91.03
91.06
91.08
91.10
91.12
91.14
91.14
91.16
91.18
91.18
91.21
91.23
91.25
91.27
91.29
91.29
91.31
91.33
91.33
91.35
91.38
91.40
91.42
91.44
91.44
91.46
91.48
91.48
91.50
91.53
91.55
91.57
91.59
91.59
91.61
91.63
91.63
91.65
91.67
91.70
91.72
91.74
91.74
91.76
91.78
91.78
91.80
91.82
91.85
91.87
91.89
91.89
91.91
91.93
91.93
91.95
91.97
91.99
92.02
92.04
92.04
92.06
92.08
92.10
92.10
92.12
92.14
92.17
92.19
92.19
92.21
92.23
92.25
92.25
92.27
92.29
92.31
92.34
92.34
92.36
92.38
92.40
92.42
92.42
92.44
92.46
92.49
92.49
92.51
92.53
92.55
92.57
92.57
92.59
92.61
92.63
92.63
92.66
92.68
92.70
92.72
92.74
92.74
92.76
92.78
92.78
92.81
92.83
92.85
92.87
92.89
92.89
92.91
92.93
92.93
92.95
92.98
93.00
93.02
93.04
93.04
93.06
93.08
93.08
93.10
93.13
93.15
93.17
93.19
93.19
93.21
93.23
93.23
93.25
93.27
93.30
93.32
93.34
93.34
93.36
93.38
93.38
93.40
93.42
93.45
93.47
93.49
93.49
93.51
93.53
93.53
93.55
93.57
93.59
93.62
93.64
93.64
93.66
93.68
93.70
93.70
93.72
93.74
93.77
93.79
93.79
93.81
93.83
93.85
93.85
93.87
93.89
93.91
93.94
93.94
93.96
93.98
94.00
94.02
94.02
94.04
94.06
94.09
94.09
94.11
94.13
94.15
94.17
94.17
94.19
94.21
94.23
94.23
94.26
94.28
94.30
94.32
94.34
94.34
94.36
94.38
94.38
94.45
94.45
94.47
94.49
94.49
94.51
94.53
94.55
94.55
94.58
94.60
94.62
94.64
94.66
94.66
94.68
94.70
94.70
94.73
94.75
94.77
94.79
94.81
94.81
94.83
94.85
94.85
94.87
94.90
94.92
94.94
94.96
94.96
94.98
95.00
95.00
95.02
95.05
95.07
95.09
95.11
95.11
95.13
95.15
95.15
95.17
95.19
95.22
95.24
95.26
95.26
95.28
95.30
95.30
95.32
95.34
95.37
95.39
95.41
95.41
95.43
95.45
95.45
95.47
95.49
95.51
95.54
95.56
95.56
95.58
95.60
95.62
95.62
95.64
95.66
95.69
95.71
95.71
95.73
95.75
95.77
95.77
95.79
95.81
95.83
95.86
95.86
95.88
95.90
95.92
95.94
95.94
95.96
95.98
96.01
96.01
96.03
96.05
96.07
96.09
96.09
96.11
96.13
96.15
96.15
96.18
96.20
96.22
96.24
96.26
96.26
96.28
96.30
96.30
96.33
96.35
96.37
96.39
96.41
96.41
96.43
96.45
96.45
96.47
96.50
96.52
96.54
96.56
96.56
96.58
96.60
96.60
96.62
96.65
96.67
96.69
96.71
96.71
96.73
96.75
96.75
96.77
96.79
96.82
96.84
96.86
96.86
96.88
96.90
96.90
96.92
96.94
96.97
96.99
97.01
97.01
97.03
97.05
97.05
97.07
97.09
97.11
97.14
97.16
97.16
97.18
97.20
97.22
97.22
97.24
97.26
97.29
97.31
97.31
97.33
97.35
97.37
97.37
97.39
97.41
97.43
97.46
97.46
97.48
97.50
97.52
97.54
97.54
97.56
97.58
97.61
97.61
97.63
97.65
97.67
97.69
97.69
97.71
97.73
97.75
97.75
97.78
97.80
97.82
97.84
97.86
97.86
97.88
97.90
97.90
97.93
97.95
97.97
97.99
98.01
98.01
98.03
98.05
98.05
98.07
98.10
98.12
98.14
98.16
98.16
98.18
98.20
98.20
98.22
98.25
98.27
98.29
98.31
98.31
98.33
98.35
98.35
98.37
98.39
98.42
98.44
98.46
98.46
98.48
98.50
98.50
98.52
98.54
98.57
98.59
98.61
98.61
98.63
98.65
98.65
98.67
98.69
98.71
98.74
98.76
98.76
98.78
98.80
98.82
98.82
98.84
98.86
98.89
98.91
98.91
98.93
98.95
98.97
98.97
98.99
99.01
99.03
99.06
99.06
99.08
99.10
99.12
99.14
99.14
99.16
99.18
99.21
99.21
99.23
99.25
99.27
99.29
99.29
99.31
99.33
99.35
99.35
99.38
99.40
99.42
99.44
99.46
99.46
99.48
99.50
99.50
99.53
99.55
99.57
99.59
99.61
99.61
99.63
99.65
99.65
99.67
99.70
99.72
99.74
99.76
99.76
99.78
99.80
99.80
99.82
99.85
99.87
99.89
99.91
99.91
99.93
99.95
99.95
99.97
99.99
100.02
100.04
100.06
100.06
100.08
100.10
100.10
100.12
100.14
100.17
100.19
100.21
100.21
100.23
100.25
100.25
100.27
100.29
100.31
100.34
100.36
100.36
100.38
100.40
100.42
100.42
100.44
100.46
100.49
100.51
100.51
100.53
100.55
100.57
100.57
100.59
100.61
100.63
100.66
100.66
100.68
100.70
100.72
100.74
100.74
100.76
100.78
100.81
100.81
100.83
100.85
100.87
100.89
100.89
100.91
100.93
100.95
100.95
100.98
101.00
101.02
101.04
101.06
101.06
101.08
101.10
101.10
101.13
101.15
101.17
101.19
101.21
101.21
101.23
101.25
101.25
101.27
101.30
101.32
101.34
101.36
101.36
101.38
101.40
101.40
101.42
101.45
101.47
101.49
101.51
101.51
101.53
101.55
101.55
101.57
101.59
101.62
101.64
101.66
101.66
101.68
101.70
101.70
101.72
101.74
101.77
101.79
101.81
101.81
101.83
101.85
101.85
101.87
101.89
101.91
101.94
101.96
101.96
101.98
102.00
102.02
102.02
102.04
102.06
102.09
102.11
102.11
102.13
102.15
102.17
102.17
102.19
102.21
102.23
102.26
102.26
102.28
102.30
102.32
102.34
102.34
102.36
102.38
102.41
102.41
102.43
102.45
102.47
102.49
102.49
102.51
102.53
102.55
102.55
102.58
102.60
102.62
102.64
102.66
102.66
102.68
102.70
102.70
102.73
102.75
102.77
102.79
102.81
102.81
102.83
102.85
102.85
102.87
102.90
102.92
102.94
102.96
102.96
102.98
103.00
103.00
103.02
103.05
103.07
103.09
103.11
103.11
103.13
103.15
103.15
103.17
103.19
103.22
103.24
103.26
103.26
103.28
103.30
103.30
103.32
103.34
103.37
103.39
103.41
103.41
103.43
103.45
103.45
103.47
103.49
103.51
103.54
103.56
103.56
103.58
103.60
103.62
103.62
103.64
103.66
103.69
103.71
103.71
103.73
103.75
103.77
103.77
103.79
103.81
103.83
103.86
103.86
103.88
103.90
103.92
103.94
103.94
103.96
103.98
104.01
104.01
104.03
104.05
104.07
104.09
104.09
104.11
104.13
104.15
104.15
104.18
104.20
104.22
104.24
104.26
104.26
104.28
104.30
104.30
104.33
104.35
104.37
104.39
104.41
104.41
104.43
104.45
104.45
104.47
104.50
104.52
104.54
104.56
104.56
104.58
104.60
104.60
104.62
104.65
104.67
104.69
104.71
104.71
104.73
104.75
104.75
104.77
104.79
104.82
104.84
104.86
104.86
104.88
104.90
104.90
104.92
104.94
104.97
104.99
105.01
105.01
105.03
105.05
105.05
105.07
105.09
105.11
105.14
105.16
105.16
105.18
105.20
105.22
105.22
105.24
105.26
105.29
105.31
105.31
105.33
105.35
105.37
105.37
105.39
105.41
105.43
105.46
105.46
105.48
105.50
105.52
105.54
105.54
105.56
105.58
105.61
105.61
105.63
105.65
105.67
105.69
105.69
105.71
105.73
105.75
105.75
105.78
105.80
105.82
105.84
105.86
105.86
105.88
105.90
105.90
105.93
105.95
105.97
105.99
106.01
106.01
106.03
106.05
106.05
106.07
106.10
106.12
106.14
106.16
106.16
106.18
106.20
106.20
106.22
106.25
106.27
106.29
106.31
106.31
106.33
106.35
106.35
106.37
106.39
106.42
106.44
106.46
106.46
106.48
106.50
106.50
106.52
106.54
106.57
106.59
106.61
106.61
106.63
106.65
106.65
106.67
106.69
106.71
106.74
106.76
106.76
106.78
106.80
106.82
106.82
106.84
106.86
106.89
106.91
106.91
106.93
106.95
106.97
106.97
106.99
107.01
107.03
107.06
107.06
107.08
107.10
107.12
107.14
107.14
107.16
107.18
107.21
107.21
107.23
107.25
107.27
107.29
107.29
107.31
107.33
107.35
107.35
107.38
107.40
107.42
107.44
107.46
107.46
107.48
107.50
107.50
107.53
107.55
107.57
107.59
107.61
107.61
107.63
107.65
107.65
107.67
107.70
107.72
107.74
107.76
107.76
107.78
107.80
107.80
107.82
107.85
107.87
107.89
107.91
107.91
107.93
107.95
107.95
107.97
107.99
108.02
108.04
108.06
108.06
108.08
108.10
108.10
108.12
108.14
108.17
108.19
108.27
108.29
108.31
108.34
108.36
108.36
108.38
108.40
108.42
108.42
108.44
108.46
108.49
108.51
108.51
108.53
108.55
108.57
108.57
108.59
108.61
108.63
108.66
108.66
108.68
108.70
108.72
108.74
108.74
108.76
108.78
108.81
108.81
108.83
108.85
108.87
108.89
108.89
108.91
108.93
108.95
108.95
108.98
109.00
109.02
109.04
109.06
109.06
109.08
109.10
109.10
109.13
109.15
109.17
109.19
109.21
109.21
109.23
109.25
109.25
109.27
109.30
109.32
109.34
109.36
109.36
109.38
109.40
109.40
109.42
109.45
109.47
109.49
109.51
109.51
109.53
109.55
109.55
109.57
109.59
109.62
109.64
109.66
109.66
109.68
109.70
109.70
109.72
109.74
109.77
109.79
109.81
109.81
109.83
109.85
109.85
109.87
109.89
109.91
109.94
109.96
109.96
109.98
110.00
110.02
110.02
110.04
110.06
110.09
110.11
110.11
110.13
110.15
110.17
110.17
110.19
110.21
110.23
110.26
110.26
110.28
110.30
110.32
110.34
110.34
110.36
110.38
110.41
110.41
110.43
110.45
110.47
110.49
110.49
110.51
110.53
110.55
110.55
110.58
110.60
110.62
110.64
110.66
110.66
110.68
110.70
110.70
110.73
110.75
110.77
110.79
110.81
110.81
110.83
110.85
110.85
110.87
110.90
110.92
110.94
111.02
111.05
111.07
111.09
111.11
111.11
111.13
111.15
111.15
111.17
111.19
111.22
111.24
111.28
111.30
111.30
111.32
111.34
111.37
111.39
111.41
111.41
111.43
111.45
111.45
111.47
111.49
111.54
111.56
111.56
111.58
111.60
111.62
111.62
111.64
111.66
111.69
111.71
111.71
111.73
111.75
111.77
111.77
111.79
111.81
111.83
111.86
111.86
111.88
111.90
111.92
111.94
111.94
111.96
111.98
112.01
112.01
112.03
112.05
112.07
112.09
112.09
112.11
112.13
112.15
112.17
112.18
112.20
112.22
112.24
112.26
112.26
112.28
112.30
112.30
112.33
112.35
112.37
112.39
112.41
112.41
112.43
112.45
112.45
112.52
112.54
112.56
112.56
112.58
112.60
112.60
112.62
112.65
112.67
112.69
112.71
112.73
112.73
112.75
112.75
112.77
112.79
112.82
112.84
112.86
112.86
112.88
112.90
112.90
112.92
112.94
112.97
112.99
113.01
113.01
113.03
113.05
113.05
113.07
113.09
113.11
113.14
113.16
113.18
113.18
113.20
113.22
113.22
113.24
113.26
113.29
113.31
113.31
113.33
113.35
113.37
113.37
113.39
113.41
113.43
113.46
113.46
113.48
113.50
113.52
113.54
113.54
113.56
113.58
113.61
113.62
113.63
113.65
113.67
113.69
113.69
113.71
113.75
113.75
113.78
113.80
113.82
113.84
113.86
113.86
113.88
113.90
113.90
113.93
113.95
113.97
113.99
114.01
114.01
114.03
114.05
114.07
114.07
114.10
114.12
114.14
114.16
114.16
114.18
114.20
114.20
114.22
114.25
114.27
114.29
114.31
114.33
114.33
114.35
114.37
114.37
114.39
114.42
114.44
114.46
114.46
114.48
114.50
114.50
114.52
114.54
114.57
114.59
114.61
114.61
114.63
114.65
114.65
114.67
114.78
114.80
114.82
114.82
114.84
114.86
114.89
114.91
114.91
114.93
114.95
115.03
115.06
115.06
115.08
115.10
115.12
115.14
115.14
115.16
115.18
115.21
115.21
115.23
115.25
115.27
115.29
115.29
115.31
115.33
115.35
115.35
115.38
115.40
115.42
115.50
115.50
115.53
115.55
115.57
115.59
115.61
115.61
115.63
115.65
115.65
115.78
115.78
115.80
115.80
115.82
115.85
115.87
115.89
115.91
115.91
116.04
116.06
116.08
116.08
116.10
116.10
116.12
116.14
116.27
116.29
116.31
116.34
116.36
116.36
116.38
116.40
116.42
116.42
116.44
116.46
116.49
116.51
116.51
116.53
116.55
116.57
116.57
116.59
116.61
116.63
116.66
116.66
116.68
116.70
116.72
116.74
116.74
116.76
116.78
116.81
116.81
116.83
116.85
116.87
116.89
116.89
116.91
116.93
116.95
116.98
116.98
117.00
117.02
117.04
117.06
117.06
117.08
117.10
117.13
117.13
117.15
117.17
117.19
117.21
117.21
117.23
117.25
117.25
117.27
117.30
117.32
117.34
117.36
117.36
117.38
117.40
117.42
117.42
117.45
117.47
117.49
117.51
117.53
117.53
117.55
117.55
117.57
117.59
117.62
117.64
117.66
117.68
117.68
117.70
117.72
117.72
117.74
117.77
117.79
117.81
117.83
117.83
117.85
117.87
117.87
117.89
117.91
117.94
117.96
117.96
117.98
118.00
118.02
118.02
118.04
118.06
118.09
118.11
118.11
118.13
118.15
118.17
118.17
118.19
118.21
118.23
118.26
118.26
118.28
118.30
118.32
118.34
118.34
118.36
118.38
118.41
118.43
118.43
118.45
118.47
118.49
118.49
118.51
118.53
118.55
118.58
118.58
118.60
118.62
118.64
118.66
118.66
118.68
118.70
118.73
118.73
118.75
118.77
118.79
118.81
118.81
118.83
118.85
118.87
118.87
118.90
118.92
118.94
118.96
118.96
118.98
119.00
119.02
119.02
119.05
119.07
119.09
119.11
119.13
119.13
119.15
119.15
119.17
119.19
119.22
119.24
119.26
119.26
119.28
119.30
119.32
119.32
119.34
119.37
119.39
119.41
119.43
119.43
119.45
119.47
119.47
119.49
119.51
119.54
119.56
119.56
119.58
119.60
119.62
119.62
119.64
119.66
119.69
119.71
119.71
119.73
119.75
119.77
119.77
119.79
119.81
119.83
119.86
119.86
119.88
119.90
119.92
119.94
119.94
119.96
119.98
120.01
120.01
120.03
120.05
120.07
120.09
120.09
120.11
120.13
120.15
120.15
120.18
120.20
120.22
120.24
120.26
120.26
120.28
120.30
120.33
120.33
120.35
120.37
120.39
120.41
120.41
120.43
120.45
120.46
120.47
120.50
120.52
120.54
120.56
120.58
120.58
120.60
120.60
120.62
120.65
120.67
120.69
120.71
120.73
120.73
120.75
120.75
120.77
120.79
120.82
120.84
120.86
120.86
120.88
120.90
120.90
120.92
120.94
120.97
120.99
121.01
121.03
121.03
121.05
121.05
121.07
121.09
121.11
121.14
121.16
121.17
121.18
121.20
121.22
121.22
121.24
121.26
121.29
121.31
121.33
121.33
121.35
121.37
121.37
121.39
121.41
121.43
121.46
121.50
121.52
121.54
121.54
121.56
121.58
121.61
121.63
121.63
121.65
121.67
121.69
121.69
121.71
121.73
121.75
121.78
121.78
121.80
121.82
121.84
121.86
121.86
121.88
121.90
121.93
121.93
121.95
121.97
121.99
122.01
122.01
122.03
122.05
122.05
122.07
122.10
122.12
122.14
122.16
122.16
122.18
122.20
122.21
122.22
122.29
122.31
122.31
122.33
122.35
122.37
122.37
122.39
122.42
122.44
122.46
122.46
122.48
122.50
122.50
122.52
122.54
122.57
122.59
122.61
122.61
122.63
122.65
122.67
122.67
122.69
122.71
122.74
122.76
122.76
122.78
122.80
122.82
122.82
122.84
122.86
122.89
122.91
122.93
122.93
122.95
122.97
122.97
122.99
123.01
123.03
123.06
123.08
123.08
123.10
123.12
123.14
123.14
123.16
123.18
123.21
123.27
123.29
123.29
123.31
123.33
123.35
123.38
123.38
123.40
123.42
123.44
123.46
123.46
123.48
123.50
123.53
123.53
123.55
123.57
123.59
123.61
123.61
123.63
123.65
123.65
123.67
123.70
123.72
123.74
123.76
123.78
123.78
123.80
123.82
123.82
123.85
123.87
123.89
123.91
123.93
123.93
123.95
123.97
123.97
123.99
124.02
124.04
124.06
124.08
124.08
124.10
124.12
124.12
124.14
124.17
124.19
124.21
124.21
124.23
124.25
124.27
124.27
124.29
124.31
124.34
124.36
124.38
124.38
124.40
124.42
124.42
124.44
124.46
124.49
124.51
124.51
124.53
124.55
124.57
124.57
124.59
124.61
124.63
124.66
124.68
124.68
124.70
124.72
124.74
124.74
124.76
124.78
124.81
124.81
124.83
124.85
124.87
124.89
124.89
124.91
124.93
124.95
124.98
124.98
125.00
125.02
125.04
125.06
125.06
125.08
125.10
125.10
125.13
125.15
125.17
125.19
125.21
125.21
125.23
125.25
125.27
125.27
125.30
125.32
125.34
125.36
125.36
125.38
125.40
125.42
125.42
125.45
125.47
125.49
125.51
125.53
125.53
125.55
125.57
125.57
125.59
125.62
125.64
125.66
125.68
125.68
125.70
125.72
125.72
125.74
125.77
125.79
125.81
125.83
125.83
125.85
125.87
125.87
125.89
125.91
125.94
125.96
125.98
125.98
126.00
126.02
126.02
126.04
126.06
126.09
126.11
126.13
126.13
126.15
126.17
126.17
126.19
126.21
126.23
126.26
126.28
126.28
126.30
126.32
126.34
126.34
126.36
126.38
126.41
126.43
126.43
126.45
126.47
126.49
126.49
126.51
126.53
126.55
126.58
126.58
126.60
126.62
126.64
126.66
126.66
126.68
126.70
126.73
126.73
126.75
126.77
126.79
126.81
126.81
126.83
126.85
126.87
126.87
126.90
126.92
126.94
126.96
126.98
126.98
127.00
127.02
127.02
127.05
127.07
127.09
127.11
127.13
127.13
127.15
127.17
127.17
127.19
127.22
127.24
127.26
127.26
127.28
127.30
127.32
127.32
127.34
127.37
127.39
127.41
127.43
127.43
127.45
127.47
127.47
127.49
127.51
127.54
127.56
127.58
127.58
127.60
127.62
127.62
127.64
127.66
127.69
127.71
127.73
127.73
127.75
127.77
127.77
127.79
127.81
127.83
127.86
127.88
127.88
128.01
128.01
128.03
128.05
128.07
128.09
128.09
128.11
128.13
128.15
128.18
128.18
128.20
128.22
128.24
128.26
128.26
128.28
128.30
128.33
128.33
128.35
128.37
128.39
128.41
128.41
128.43
128.45
128.47
128.47
128.50
128.52
128.54
128.56
128.58
128.58
128.60
128.62
128.62
128.65
128.67
128.69
128.71
128.73
128.73
128.75
128.77
128.77
128.79
128.82
128.84
128.86
128.86
128.88
128.90
128.92
128.92
128.94
128.97
128.99
129.01
129.03
129.03
129.05
129.07
129.07
129.09
129.11
129.14
129.16
129.18
129.18
129.20
129.22
129.22
129.24
129.26
129.29
129.31
129.33
129.33
129.35
129.37
129.37
129.39
129.41
129.43
129.46
129.48
129.48
129.50
129.52
129.54
129.54
129.56
129.58
129.61
129.63
129.63
129.65
129.67
129.69
129.69
129.71
129.73
129.75
129.78
129.78
129.80
129.82
129.84
129.86
129.86
129.88
129.90
129.93
129.93
129.95
129.97
129.99
130.01
130.01
130.03
130.05
130.07
130.07
130.10
130.12
130.14
130.16
130.18
130.18
130.20
130.22
130.22
130.25
130.27
130.29
130.31
130.33
130.33
130.35
130.37
130.37
130.39
130.42
130.44
130.46
130.48
130.48
130.50
130.52
130.52
130.54
130.57
130.59
130.61
130.63
130.63
130.65
130.67
130.67
130.69
130.71
130.78
130.78
130.80
130.82
130.82
130.84
130.86
130.89
130.91
130.93
130.93
130.95
130.97
130.97
130.99
131.01
131.03
131.06
131.08
131.08
131.10
131.12
131.14
131.14
131.16
131.18
131.21
131.23
131.23
131.25
131.27
131.29
131.29
131.31
131.33
131.35
131.38
131.38
131.40
131.42
131.44
131.46
131.46
131.48
131.50
131.53
131.53
131.55
131.57
131.59
131.61
131.61
131.63
131.65
131.67
131.67
131.70
131.72
131.74
131.76
131.78
131.78
131.80
131.82
131.82
131.85
131.87
131.89
131.91
131.93
131.93
131.95
131.97
131.97
131.99
132.02
132.04
132.06
132.08
132.08
132.10
132.12
132.12
132.14
132.17
132.19
132.21
132.23
132.23
132.25
132.27
132.27
132.29
132.31
132.34
132.36
132.38
132.38
132.40
132.42
132.42
132.44
132.46
132.49
132.51
132.53
132.53
132.55
132.57
132.57
132.59
132.61
132.63
132.66
132.68
132.68
132.70
132.72
132.74
132.74
132.76
132.78
132.81
132.83
132.83
132.85
132.87
132.89
132.89
132.91
132.93
132.95
132.98
132.98
133.00
133.02
133.04
133.06
133.06
133.08
133.10
133.13
133.13
133.15
133.17
133.19
133.21
133.21
133.23
133.25
133.27
133.27
133.30
133.32
133.34
133.36
133.38
133.38
133.40
133.42
133.42
133.45
133.47
133.49
133.51
133.53
133.53
133.55
133.57
133.57
133.59
133.62
133.64
133.66
133.68
133.68
133.70
133.72
133.72
133.74
133.77
133.79
133.81
133.83
133.83
133.85
133.87
133.87
133.89
133.91
133.94
133.96
133.98
133.98
134.00
134.02
134.02
134.04
134.06
134.09
134.11
134.13
134.13
134.15
134.17
134.17
134.19
134.21
134.23
134.26
134.28
134.28
134.30
134.32
134.34
134.34
134.36
134.38
134.41
134.43
134.43
134.45
134.47
134.49
134.49
134.51
134.53
134.55
134.58
134.58
134.60
134.62
134.64
134.66
134.66
134.68
134.70
134.73
134.73
134.75
134.77
134.79
134.81
134.81
134.83
134.85
134.87
134.87
134.90
134.92
134.94
134.96
134.98
134.98
135.00
135.02
135.02
135.05
135.07
135.09
135.11
135.13
135.13
135.15
135.17
135.17
135.19
135.22
135.24
135.26
135.28
135.28
135.30
135.32
135.32
135.34
135.37
135.39
135.41
135.43
135.43
135.45
135.47
135.47
135.49
135.51
135.54
135.56
135.58
135.58
135.60
135.62
135.64
135.64
135.66
135.69
135.71
135.73
135.73
135.75
135.77
135.77
135.79
135.81
135.83
135.86
135.88
135.88
135.90
135.92
135.94
135.94
135.96
135.98
136.01
136.03
136.03
136.05
136.07
136.09
136.09
136.11
136.13
136.15
136.18
136.18
136.20
136.22
136.24
136.26
136.26
136.28
136.30
136.33
136.33
136.35
136.37
136.39
136.41
136.41
136.43
136.45
136.47
136.47
136.50
136.52
136.54
136.56
136.58
136.58
136.60
136.62
136.62
136.65
136.67
136.69
136.71
136.73
136.73
136.75
136.77
136.77
136.79
136.82
136.84
136.86
136.88
136.88
136.90
136.92
136.92
136.94
136.97
136.99
137.01
137.03
137.03
137.05
137.07
137.07
137.09
137.11
137.14
137.16
137.18
137.18
137.20
137.22
137.22
137.24
137.26
137.29
137.31
137.33
137.33
137.35
137.37
137.37
137.39
137.41
137.43
137.46
137.48
137.48
137.50
137.52
137.54
137.54
137.56
137.58
137.61
137.63
137.63
137.65
137.67
137.69
137.69
137.71
137.73
137.75
137.78
137.78
137.80
137.82
137.84
137.86
137.86
137.88
137.90
137.93
137.93
137.95
137.97
137.99
138.01
138.01
138.03
138.05
138.07
138.07
138.10
138.12
138.14
138.16
138.18
138.18
138.20
138.22
138.22
138.25
138.27
138.29
138.31
138.33
138.33
138.35
138.37
138.37
138.39
138.42
138.44
138.46
138.48
138.48
138.50
138.52
138.52
138.54
138.57
138.59
138.61
138.63
138.63
138.65
138.67
138.67
138.69
138.71
138.74
138.76
138.78
138.78
138.80
138.82
138.82
138.84
138.86
138.89
138.91
138.93
138.93
138.95
138.97
138.97
138.99
139.01
139.03
139.06
139.08
139.08
139.10
139.12
139.14
139.14
139.16
139.18
139.21
139.23
139.23
139.25
139.27
139.29
139.29
139.31
139.33
139.35
139.38
139.38
139.40
139.42
139.44
139.46
139.46
139.48
139.50
139.53
139.53
139.55
139.57
139.59
139.61
139.61
139.63
139.65
139.67
139.67
139.70
139.72
139.74
139.76
139.78
139.78
139.80
139.82
139.82
139.85
139.87
139.89
139.91
139.93
139.93
139.95
139.97
139.97
139.99
140.02
140.04
140.06
140.08
140.08
140.10
140.12
140.12
140.14
140.17
140.19
140.21
140.23
140.23
140.25
140.27
140.27
140.29
140.31
140.34
140.36
140.38
140.38
140.40
140.42
140.42
140.44
140.46
140.49
140.51
140.53
140.53
140.55
140.57
140.57
140.59
140.61
140.63
140.66
140.68
140.68
140.70
140.72
140.74
140.74
140.76
140.78
140.81
140.83
140.83
140.85
140.87
140.89
140.89
140.91
140.93
140.95
140.98
140.98
141.00
141.02
141.04
141.06
141.06
141.08
141.10
141.13
141.13
141.15
141.17
141.19
141.21
141.21
141.23
141.25
141.27
141.27
141.30
141.32
141.34
141.36
141.38
141.38
141.40
141.42
141.42
141.45
141.47
141.49
141.51
141.53
141.53
141.55
141.57
141.57
141.59
141.62
141.64
141.66
141.68
141.68
141.70
141.72
141.72
141.74
141.77
141.79
141.81
141.83
141.83
141.85
141.87
141.87
141.89
141.91
142.00
142.02
142.02
142.04
142.06
142.09
142.11
142.13
142.13
142.15
142.17
142.17
142.19
142.21
142.23
142.26
142.28
142.28
142.30
142.32
142.34
142.34
142.36
142.38
142.41
142.43
142.43
142.45
142.47
142.49
142.49
142.51
142.53
142.55
142.58
142.58
142.60
142.62
142.64
142.66
142.66
142.68
142.70
142.73
142.73
142.75
142.77
142.79
142.81
142.81
142.83
142.85
142.87
142.87
142.90
142.92
142.94
143.02
143.02
143.05
143.07
143.09
143.11
143.13
143.13
143.15
143.17
143.17
143.19
143.22
143.24
143.26
143.28
143.28
143.30
143.32
143.32
143.34
143.37
143.39
143.41
143.43
143.43
143.45
143.47
143.47
143.49
143.51
143.54
143.56
143.58
143.58
143.60
143.62
143.62
143.64
143.66
143.69
143.71
143.73
143.73
143.75
143.77
143.77
143.79
143.81
143.83
143.86
143.88
143.88
143.90
143.92
143.94
143.94
143.96
143.98
144.01
144.03
144.03
144.05
144.07
144.09
144.09
144.11
144.13
144.15
144.18
144.18
144.20
144.22
144.24
144.26
144.26
144.28
144.30
144.33
144.33
144.35
144.37
144.39
144.41
144.41
144.43
144.45
144.47
144.47
144.50
144.52
144.54
144.56
144.58
144.58
144.60
144.62
144.62
144.65
144.67
144.69
144.71
144.73
144.73
144.75
144.77
144.77
144.79
144.82
144.84
144.86
144.88
144.88
144.90
144.92
144.92
144.94
144.97
144.99
145.01
145.03
145.03
145.05
145.07
145.07
145.09
145.11
145.14
145.16
145.18
145.18
145.20
145.22
145.22
145.24
145.26
145.29
145.31
145.33
145.33
145.35
145.37
145.37
145.39
145.41
145.43
145.46
145.48
145.48
145.50
145.52
145.54
145.54
145.56
145.58
145.61
145.63
145.63
145.65
145.67
145.69
145.69
145.71
145.73
145.75
145.78
145.78
145.80
145.82
145.84
145.86
145.86
145.88
145.90
145.93
145.93
145.95
145.97
145.99
146.01
146.01
146.03
146.05
146.07
146.07
146.10
146.12
146.14
146.16
146.18
146.18
146.20
146.22
146.22
146.25
146.27
146.29
146.31
146.33
146.33
146.35
146.37
146.37
146.39
146.42
146.44
146.46
146.48
146.48
146.50
146.52
146.52
146.54
146.57
146.59
146.61
146.63
146.63
146.65
146.67
146.67
146.69
146.71
146.74
146.76
146.78
146.78
146.80
146.82
146.82
146.84
146.86
146.89
146.91
146.93
146.93
146.95
146.97
146.97
146.99
147.01
147.03
147.06
147.08
147.08
147.10
147.12
147.14
147.14
147.16
147.18
147.21
147.29
147.29
147.31
147.33
147.35
147.38
147.38
147.40
147.42
147.44
147.46
147.46
147.48
147.50
147.53
147.53
147.55
147.57
147.59
147.61
147.61
147.63
147.65
147.67
147.67
147.70
147.72
147.74
147.76
147.78
147.78
147.80
147.82
147.82
147.85
147.87
147.89
147.91
147.93
147.93
147.95
147.97
147.97
147.99
148.02
148.04
148.06
148.08
148.08
148.10
148.12
148.12
148.14
148.17
148.19
148.23
148.23
148.25
148.27
148.27
148.29
148.31
148.34
148.36
148.38
148.38
148.40
148.42
148.42
148.44
148.46
148.49
148.51
148.53
148.53
148.55
148.57
148.57
148.59
148.61
148.63
148.66
148.68
148.68
148.70
148.72
148.74
148.74
148.76
148.78
148.81
148.83
148.83
148.85
148.87
148.89
148.89
148.91
148.93
148.95
148.98
148.98
149.00
149.02
149.04
149.06
149.06
149.08
149.10
149.13
149.13
149.15
149.17
149.19
149.21
149.21
149.23
149.25
149.27
149.27
149.30
149.32
149.34
149.36
149.38
149.38
149.40
149.42
149.42
149.45
149.47
149.49
149.51
149.53
149.53
149.55
149.57
149.57
149.59
149.62
149.64
149.66
149.68
149.68
149.70
149.72
149.72
149.74
149.77
149.79
149.81
149.83
149.83
149.85
149.87
149.87
149.89
149.91
149.94
149.96
149.98
149.98
150.00
150.02
150.02
150.04
150.06
150.09
150.11
150.13
150.13
150.15
150.17
150.17
150.19
150.21
150.23
150.26
150.28
150.28
150.30
150.32
150.34
150.34
150.36
150.38
150.41
150.43
150.43
150.45
150.47
150.49
150.49
150.51
150.53
150.55
150.58
150.58
150.60
150.62
150.64
150.66
150.66
150.68
150.70
150.73
150.73
150.75
150.77
150.79
150.81
150.81
150.83
150.85
150.87
150.87
150.90
150.92
150.94
150.96
150.98
150.98
151.00
151.02
151.02
151.05
151.07
151.09
151.11
151.13
151.13
151.15
151.17
151.17
151.19
151.22
151.24
151.26
151.28
151.28
151.30
151.32
151.32
151.34
151.37
151.39
151.41
151.43
151.43
151.45
151.47
151.47
151.49
151.51
151.54
151.56
151.58
151.58
151.60
151.62
151.62
151.64
151.66
151.69
151.71
151.73
151.73
151.75
151.77
151.77
151.79
151.81
151.83
151.86
151.88
151.88
151.90
151.92
151.94
151.94
151.96
151.98
152.01
152.03
152.03
152.05
152.07
152.09
152.09
152.11
152.13
152.15
152.18
152.18
152.20
152.22
152.24
152.26
152.26
152.28
152.30
152.33
152.33
152.35
152.37
152.39
152.41
152.41
152.43
152.45
152.47
152.47
152.50
152.52
152.54
152.56
152.58
152.58
152.60
152.62
152.62
152.65
152.67
152.69
152.71
152.73
152.73
152.75
152.77
152.77
152.79
152.82
152.84
152.86
152.88
152.90
152.90
152.92
152.92
152.94
152.97
152.99
153.01
153.03
153.03
153.05
153.07
153.07
153.09
153.11
153.14
153.16
153.18
153.18
153.20
153.22
153.22
153.24
153.26
153.29
153.31
153.33
153.33
153.35
153.37
153.37
153.39
153.41
153.43
153.46
153.48
153.48
153.50
153.52
153.54
153.54
153.56
153.58
153.61
153.63
153.63
153.65
153.67
153.69
153.69
153.71
153.73
153.75
153.78
153.78
153.80
153.82
153.84
153.86
153.86
153.88
153.90
153.93
153.93
153.95
153.97
153.99
154.01
154.01
154.03
154.05
154.07
154.07
154.10
154.12
154.14
154.16
154.18
154.18
154.20
154.22
154.22
154.25
154.27
154.29
154.31
154.33
154.33
154.35
154.37
154.37
154.39
154.42
154.44
154.46
154.48
154.48
154.50
154.52
154.52
154.54
154.57
154.59
154.61
154.63
154.63
154.65
154.67
154.67
154.69
154.71
154.74
154.76
154.78
154.78
154.80
154.82
154.82
154.84
154.86
154.89
154.91
154.93
154.93
154.95
154.97
154.97
154.99
155.01
155.03
155.06
155.08
155.08
155.10
155.12
155.14
155.14
155.16
155.18
155.21
155.23
155.23
155.25
155.27
155.29
155.29
155.31
155.33
155.35
155.38
155.38
155.40
155.42
155.44
155.46
155.46
155.48
155.50
155.55
155.55
155.57
155.59
155.61
155.61
155.63
155.65
155.67
155.70
155.70
155.72
155.74
155.76
155.78
155.78
155.80
155.82
155.85
155.85
155.87
155.89
155.91
155.93
155.93
155.95
155.97
155.99
155.99
156.02
156.04
156.06
156.08
156.10
156.10
156.12
156.14
156.14
156.17
156.19
156.21
156.23
156.25
156.25
156.27
156.29
156.29
156.31
156.34
156.36
156.38
156.40
156.40
156.42
156.44
156.44
156.46
156.49
156.51
156.53
156.55
156.55
156.57
156.59
156.59
156.61
156.63
156.66
156.68
156.70
156.70
156.72
156.74
156.74
156.76
156.78
156.81
156.83
156.85
156.85
156.87
156.89
156.89
156.91
156.93
156.95
156.98
157.00
157.00
157.02
157.04
157.06
157.06
157.08
157.10
157.13
157.15
157.15
157.17
157.19
157.21
157.21
157.23
157.25
157.27
157.30
157.30
157.32
157.34
157.36
157.38
157.38
157.40
157.42
157.45
157.45
157.47
157.49
157.51
157.53
157.53
157.55
157.57
157.59
157.59
157.62
157.64
157.66
157.68
157.70
157.70
157.72
157.74
157.74
157.77
157.79
157.81
157.83
157.85
157.85
157.87
157.89
157.89
157.91
157.94
157.96
157.98
158.00
158.00
158.02
158.04
158.04
158.06
158.09
158.11
158.13
158.15
158.15
158.17
158.19
158.19
158.21
158.23
158.26
158.28
158.30
158.30
158.32
158.34
158.34
158.36
158.38
158.41
158.43
158.45
158.45
158.47
158.49
158.49
158.51
158.53
158.55
158.58
158.60
158.60
158.62
158.64
158.66
158.66
158.68
158.70
158.73
158.75
158.75
158.77
158.79
158.81
158.81
158.83
158.85
158.87
158.90
158.90
158.92
158.94
158.96
158.98
158.98
159.00
159.02
159.05
159.05
159.07
159.09
159.11
159.13
159.13
159.15
159.17
159.19
159.19
159.22
159.24
159.26
159.28
159.30
159.30
159.32
159.34
159.34
159.37
159.39
159.41
159.43
159.45
159.45
159.47
159.49
159.49
159.51
159.54
159.56
159.58
159.60
159.60
159.62
159.64
159.64
159.66
159.69
159.71
159.73
159.75
159.75
159.77
159.79
159.79
159.81
159.83
159.86
159.88
159.90
159.90
159.92
159.94
159.94
159.96
159.98
160.01
160.03
160.05
160.05
160.07
160.09
160.09
160.11
160.13
160.15
160.18
160.20
160.20
160.22
160.24
160.26
160.26
160.28
160.30
160.33
160.35
160.35
160.37
160.39
160.41
160.41
160.43
160.45
160.47
160.50
160.50
160.52
160.54
160.56
160.58
160.58
160.60
160.62
160.65
160.65
160.67
160.69
160.71
160.73
160.73
160.75
160.77
160.79
160.79
160.82
160.84
160.86
160.88
160.90
160.90
160.92
160.94
160.94
160.97
160.99
161.01
161.03
161.05
161.05
161.07
161.09
161.09
161.11
161.14
161.16
161.18
161.20
161.20
161.22
161.24
161.24
161.26
161.29
161.31
161.33
161.35
161.35
161.37
161.39
161.39
161.41
161.43
161.46
161.48
161.50
161.50
161.52
161.54
161.54
161.56
161.58
161.61
161.63
161.65
161.65
161.67
161.69
161.69
161.71
161.73
161.75
161.78
161.80
161.80
161.82
161.84
161.86
161.86
161.88
161.90
161.93
161.95
161.95
161.97
161.99
162.01
162.01
162.03
162.05
162.07
162.10
162.10
162.12
162.14
162.16
162.18
162.18
162.20
162.22
162.25
162.25
162.27
162.29
162.31
162.33
162.33
162.35
162.37
162.39
162.39
162.42
162.44
162.46
162.48
162.50
162.50
162.52
162.54
162.54
162.57
162.59
162.61
162.63
162.65
162.65
162.67
162.69
162.69
162.71
162.74
162.76
162.78
162.80
162.80
162.82
162.84
162.84
162.86
162.89
162.91
162.93
162.95
162.95
162.97
162.99
162.99
163.01
163.03
163.06
163.08
163.10
163.10
163.12
163.14
163.14
163.16
163.18
163.21
163.23
163.25
163.25
163.27
163.29
163.29
163.31
163.33
163.35
163.38
163.40
163.40
163.42
163.44
163.46
163.46
163.48
163.50
163.53
163.55
163.55
163.57
163.59
163.61
163.61
163.63
163.65
163.67
163.70
163.70
163.72
163.74
163.76
163.78
163.78
163.80
163.82
163.85
163.85
163.87
163.89
163.91
163.93
163.93
163.95
163.97
163.99
163.99
164.02
164.04
164.06
164.08
164.10
164.10
164.12
164.14
164.14
164.17
164.19
164.21
164.23
164.25
164.25
164.27
164.29
164.29
164.31
164.34
164.36
164.38
164.40
164.40
164.42
164.44
164.44
164.46
164.49
164.51
164.53
164.55
164.55
164.57
164.59
164.61
164.61
164.63
164.66
164.68
164.70
164.70
164.72
164.74
164.74
164.76
164.78
164.81
164.83
164.85
164.85
164.87
164.89
164.89
164.91
164.93
164.95
164.98
165.00
165.00
165.02
165.04
165.06
165.06
165.08
165.10
165.13
165.15
165.15
165.17
165.19
165.21
165.21
165.23
165.25
165.27
165.30
165.30
165.32
165.34
165.36
165.38
165.38
165.40
165.42
165.45
165.45
165.47
165.49
165.51
165.53
165.53
165.55
165.57
165.59
165.59
165.62
165.64
165.66
165.68
165.70
165.70
165.72
165.74
165.74
165.77
165.79
165.81
165.83
165.85
165.85
165.87
165.89
165.89
165.91
165.94
165.96
165.98
166.00
166.00
166.02
166.04
166.04
166.06
166.09
166.11
166.13
166.15
166.15
166.17
166.19
166.19
166.21
166.23
166.26
166.28
166.30
166.30
166.32
166.34
166.34
166.36
166.38
166.41
166.43
166.45
166.45
166.47
166.49
166.49
166.51
166.53
166.55
166.58
166.60
166.60
166.62
166.64
166.66
166.66
166.68
166.70
166.73
166.75
166.75
166.77
166.79
166.81
166.81
166.83
166.85
166.87
166.90
166.90
166.92
166.94
166.96
166.98
166.98
167.00
167.02
167.05
167.05
167.07
167.09
167.11
167.13
167.13
167.15
167.17
167.19
167.19
167.22
167.24
167.26
167.28
167.30
167.30
167.32
167.34
167.34
167.37
167.39
167.41
167.43
167.45
167.45
167.47
167.49
167.49
167.51
167.54
167.56
167.58
167.60
167.60
167.62
167.64
167.64
167.66
167.69
167.71
167.73
167.75
167.75
167.77
167.79
167.79
167.81
167.83
167.86
167.88
167.90
167.90
167.92
167.94
167.94
167.96
167.98
168.01
168.03
168.05
168.05
168.07
168.09
168.09
168.11
168.13
168.15
168.18
168.20
168.20
168.22
168.24
168.26
168.26
168.28
168.30
168.33
168.35
168.37
168.37
168.39
168.41
168.41
168.43
168.45
168.47
168.50
168.50
168.52
168.54
168.56
168.58
168.58
168.60
168.62
168.65
168.65
168.67
168.69
168.71
168.73
168.73
168.75
168.77
168.79
168.82
168.82
168.84
168.86
168.88
168.90
168.90
168.92
168.94
168.94
168.97
168.99
169.01
169.03
169.05
169.05
169.07
169.09
169.09
169.11
169.14
169.16
169.18
169.20
169.20
169.22
169.24
169.26
169.26
169.29
169.31
169.33
169.35
169.35
169.37
169.39
169.39
169.41
169.43
169.46
169.48
169.50
169.50
169.52
169.54
169.54
169.56
169.58
169.61
169.63
169.65
169.65
169.67
169.69
169.71
169.71
169.73
169.75
169.78
169.80
169.80
169.82
169.84
169.86
169.86
169.88
169.90
169.93
169.95
169.97
169.97
169.99
170.01
170.01
170.03
170.05
170.07
170.10
170.10
170.12
170.14
170.16
170.18
170.18
170.20
170.22
170.25
170.25
170.27
170.29
170.31
170.33
170.33
170.35
170.37
170.39
170.39
170.42
170.44
170.46
170.48
170.50
170.50
170.52
170.54
170.54
170.57
170.59
170.61
170.63
170.65
170.65
170.67
170.69
170.70
170.71
170.74
170.76
170.78
170.80
170.80
170.82
170.84
170.84
170.86
170.89
170.91
170.93
170.95
170.96
170.97
170.99
171.00
171.01
171.03
171.06
171.08
171.10
171.12
171.12
171.14
171.14
171.16
171.18
171.21
171.23
171.25
171.27
171.27
171.29
171.31
171.31
171.33
171.35
171.38
171.40
171.40
171.42
171.44
171.46
171.46
171.48
171.50
171.53
171.55
171.55
171.57
171.59
171.61
171.61
171.63
171.65
171.67
171.70
171.72
171.72
171.74
171.76
171.78
171.78
171.80
171.82
171.85
171.85
171.87
171.89
171.91
171.93
171.93
171.95
171.97
171.99
171.99
172.02
172.04
172.06
172.08
172.10
172.10
172.12
172.14
172.14
172.17
172.19
172.21
172.23
172.25
172.25
172.27
172.29
172.29
172.31
172.34
172.36
172.38
172.40
172.40
172.42
172.44
172.44
172.46
172.49
172.51
172.53
172.55
172.55
172.57
172.59
172.59
172.61
172.63
172.66
172.68
172.70
172.72
172.72
172.74
172.74
172.76
172.78
172.81
172.83
172.85
172.87
172.87
172.89
172.91
172.91
172.93
172.95
172.98
173.00
173.02
173.02
173.04
173.06
173.06
173.08
173.10
173.13
173.15
173.17
173.17
173.19
173.21
173.21
173.23
173.25
173.27
173.30
173.32
173.32
173.34
173.36
173.38
173.38
173.40
173.42
173.45
173.45
173.47
173.49
173.51
173.53
173.53
173.55
173.57
173.59
173.62
173.62
173.64
173.66
173.68
173.70
173.70
173.72
173.74
173.74
173.77
173.79
173.81
173.83
173.85
173.85
173.87
173.89
173.89
173.91
173.94
173.96
173.98
174.00
174.00
174.02
174.04
174.04
174.06
174.09
174.11
174.13
174.15
174.17
174.17
174.19
174.21
174.21
174.23
174.26
174.28
174.30
174.30
174.32
174.34
174.36
174.36
174.38
174.41
174.43
174.45
174.47
174.47
174.53
174.55
174.58
174.60
174.62
174.62
174.64
174.66
174.66
174.68
174.70
174.73
174.75
174.77
174.77
174.79
174.81
174.81
174.83
174.85
174.87
174.90
174.92
174.92
174.94
175.00
175.02
175.05
175.05
175.07
175.09
175.11
175.13
175.13
175.15
175.17
175.19
175.22
175.22
175.24
175.26
175.28
175.30
175.30
175.32
175.34
175.34
175.37
175.39
175.41
175.43
175.45
175.45
175.47
175.54
175.56
175.58
175.60
175.77
175.77
175.79
175.81
175.81
175.83
175.86
175.88
175.90
175.92
175.92
175.94
176.03
176.05
176.07
176.07
176.09
176.09
176.11
176.13
176.15
176.18
176.20
176.22
176.22
176.24
176.26
176.26
176.28
176.30
176.33
176.35
176.35
176.37
176.39
176.41
176.41
176.43
176.45
176.47
176.52
176.52
176.54
176.56
176.58
176.58
176.60
176.62
176.65
176.67
176.67
176.69
176.71
176.73
176.73
176.75
176.77
176.79
176.81
176.82
176.84
176.86
176.88
176.90
176.90
176.92
176.94
176.94
176.97
176.99
177.01
177.03
177.05
177.05
177.07
177.09
177.11
177.11
177.14
177.16
177.18
177.20
177.22
177.22
177.24
177.26
177.26
177.29
177.31
177.33
177.35
177.37
177.37
177.39
177.41
177.41
177.43
177.46
177.48
177.50
177.52
177.52
177.54
177.56
177.56
177.58
177.61
177.63
177.65
177.67
177.67
177.69
177.71
177.71
177.73
177.75
177.78
177.80
177.82
177.82
177.84
177.86
177.86
177.88
177.90
177.93
177.95
177.97
177.97
177.99
178.01
178.01
178.03
178.05
178.07
178.10
178.12
178.12
178.14
178.16
178.18
178.18
178.20
178.22
178.25
178.27
178.27
178.29
178.31
178.33
178.33
178.35
178.37
178.39
178.42
178.42
178.44
178.46
178.48
178.50
178.50
178.52
178.54
178.57
178.57
178.59
178.61
178.63
178.65
178.65
178.67
178.69
178.69
178.71
178.78
178.80
178.82
178.82
178.84
178.86
178.86
178.89
178.91
178.93
178.95
178.95
178.97
178.99
179.01
179.01
179.03
179.06
179.08
179.10
179.10
179.12
179.14
179.16
179.16
179.18
179.21
179.23
179.29
179.29
179.31
179.33
179.35
179.38
179.40
179.42
179.42
179.44
179.46
179.46
179.48
179.50
179.53
179.55
179.57
179.57
179.59
179.61
179.61
179.63
179.65
179.67
179.70
179.70
179.76
179.78
179.78
179.80
179.82
179.85
179.87
179.87
179.89
179.91
179.93
179.93
179.95
179.97
179.99
180.02
180.02
180.04
180.06
180.08
180.10
180.10
180.12
180.14
180.17
180.17
180.19
180.21
180.23
180.25
180.25
180.27
180.29
180.31
180.31
180.34
180.36
180.38
180.40
180.42
180.42
180.44
180.46
180.46
180.49
180.51
180.53
180.55
180.57
180.57
180.59
180.59
180.61
180.63
180.66
180.68
180.70
180.72
180.72
180.74
180.76
180.76
180.78
180.81
180.83
180.85
180.87
180.87
180.89
180.91
180.91
180.93
180.95
180.98
181.00
181.02
181.02
181.04
181.06
181.06
181.08
181.10
181.13
181.15
181.17
181.17
181.19
181.21
181.21
181.23
181.25
181.27
181.30
181.32
181.32
181.34
181.36
181.38
181.38
181.40
181.42
181.45
181.47
181.47
181.49
181.51
181.53
181.53
181.55
181.57
181.59
181.62
181.62
181.64
181.66
181.68
181.70
181.70
181.72
181.74
181.77
181.77
181.79
181.81
181.83
181.85
181.85
181.87
181.89
181.91
181.91
181.94
181.96
181.98
182.00
182.02
182.02
182.04
182.06
182.06
182.09
182.11
182.13
182.15
182.17
182.17
182.19
182.21
182.21
182.23
182.26
182.28
182.30
182.32
182.32
182.34
182.36
182.36
182.38
182.41
182.43
182.45
182.47
182.47
182.49
182.51
182.51
182.53
182.55
182.58
182.60
182.62
182.62
182.64
182.66
182.66
182.68
182.70
182.73
182.75
182.77
182.77
182.79
182.81
182.81
182.83
182.85
182.87
182.90
182.92
182.92
182.94
182.96
182.98
182.98
183.00
183.02
183.05
183.07
183.07
183.09
183.11
183.13
183.13
183.15
183.17
183.19
183.22
183.22
183.24
183.26
183.28
183.30
183.30
183.32
183.34
183.37
183.37
183.39
183.41
183.43
183.45
183.45
183.47
183.49
183.51
183.51
183.54
183.56
183.58
183.60
183.62
183.62
183.64
183.66
183.66
183.69
183.71
183.73
183.75
183.77
183.77
183.79
183.81
183.81
183.83
183.86
183.88
183.90
183.90
183.92
183.94
183.96
183.96
183.98
184.01
184.03
184.05
184.07
184.07
184.09
184.09
184.11
184.13
184.15
184.18
184.20
184.22
184.22
184.24
184.26
184.26
184.28
184.30
184.33
184.35
184.37
184.37
184.39
184.41
184.41
184.43
184.45
184.47
184.50
184.52
184.52
184.54
184.56
184.58
184.58
184.60
184.62
184.65
184.67
184.67
184.69
184.71
184.73
184.73
184.75
184.77
184.79
184.82
184.82
184.84
184.86
184.88
184.90
184.90
184.92
184.94
184.97
184.97
184.99
185.01
185.03
185.05
185.05
185.07
185.09
185.11
185.11
185.14
185.16
185.18
185.20
185.22
185.22
185.24
185.26
185.26
185.29
185.31
185.33
185.35
185.37
185.37
185.39
185.40
185.41
185.43
185.46
185.48
185.50
185.50
185.52
185.54
185.54
185.56
185.58
185.61
185.63
185.65
185.67
185.67
185.69
185.69
185.71
185.73
185.75
185.78
185.80
185.82
185.82
185.84
185.86
185.86
185.88
185.90
185.93
185.95
185.97
185.97
185.99
186.01
186.01
186.03
186.05
186.07
186.10
186.12
186.12
186.14
186.16
186.18
186.18
186.20
186.22
186.25
186.27
186.27
186.29
186.31
186.33
186.33
186.35
186.37
186.39
186.42
186.42
186.44
186.46
186.52
186.54
186.57
186.57
186.59
186.61
186.63
186.65
186.65
186.67
186.69
186.71
186.71
186.74
186.76
186.78
186.80
186.82
186.82
186.84
186.86
186.86
186.89
186.91
186.93
186.95
186.97
186.97
186.99
187.01
187.01
187.03
187.06
187.08
187.10
187.12
187.12
187.14
187.14
187.16
187.18
187.21
187.23
187.25
187.27
187.27
187.29
187.31
187.31
187.33
187.35
187.38
187.40
187.42
187.42
187.50
187.53
187.55
187.57
187.57
187.59
187.61
187.61
187.63
187.65
187.78
187.78
187.80
187.82
187.85
187.87
187.87
187.89
187.91
187.99
188.02
188.02
188.04
188.06
188.08
188.10
188.10
188.12
188.14
188.17
188.17
188.19
188.21
188.23
188.25
188.25
188.27
188.29
188.31
188.31
188.34
188.36
188.38
188.40
188.42
188.42
188.44
188.46
188.46
188.49
188.51
188.53
188.55
188.57
188.57
188.59
188.61
188.61
188.63
188.66
188.68
188.70
188.72
188.72
188.74
188.76
188.76
188.78
188.81
188.83
188.85
188.87
188.87
188.89
188.91
188.91
188.93
188.95
188.98
189.00
189.02
189.02
189.04
189.06
189.06
189.08
189.10
189.13
189.15
189.17
189.17
189.19
189.21
189.21
189.23
189.25
189.27
189.30
189.32
189.32
189.34
189.36
189.38
189.38
189.40
189.42
189.45
189.47
189.47
189.49
189.51
189.53
189.53
189.55
189.57
189.59
189.62
189.62
189.64
189.66
189.72
189.74
189.77
189.77
189.79
189.81
189.83
189.85
189.85
189.87
189.89
189.91
189.91
190.00
190.02
190.02
190.04
190.06
190.06
190.09
190.11
190.13
190.15
190.17
190.17
190.19
190.21
190.21
190.23
190.26
190.28
190.30
190.32
190.32
190.34
190.36
190.36
190.38
190.41
190.43
190.45
190.47
190.47
190.49
190.51
190.51
190.53
190.55
190.58
190.60
190.62
190.62
190.64
190.66
190.66
190.68
190.70
190.73
190.75
190.77
190.77
190.79
190.81
190.81
190.83
190.85
190.87
190.90
190.92
190.92
190.94
190.96
190.98
190.98
191.00
191.02
191.05
191.07
191.07
191.09
191.11
191.13
191.13
191.15
191.17
191.19
191.22
191.22
191.24
191.26
191.28
191.30
191.30
191.32
191.34
191.37
191.37
191.39
191.41
191.43
191.45
191.45
191.47
191.49
191.51
191.51
191.54
191.56
191.58
191.60
191.62
191.62
191.64
191.66
191.66
191.69
191.71
191.73
191.75
191.77
191.77
191.79
191.81
191.81
191.83
191.86
191.88
191.90
191.92
191.92
191.94
191.96
191.96
191.98
192.01
192.03
192.05
192.07
192.07
192.09
192.11
192.11
192.13
192.15
192.18
192.20
192.22
192.22
192.24
192.26
192.26
192.28
192.30
192.33
192.35
192.37
192.37
192.39
192.41
192.41
192.43
192.45
192.52
192.52
192.54
192.56
192.58
192.58
192.60
192.62
192.65
192.67
192.67
192.69
192.71
192.73
192.73
192.75
192.77
192.79
192.82
192.82
192.84
192.86
192.88
192.90
192.90
192.92
192.94
192.97
192.97
192.99
193.01
193.03
193.05
193.05
193.07
193.09
193.11
193.11
193.14
193.16
193.29
193.31
193.33
193.35
193.37
193.37
193.39
193.41
193.41
193.43
193.54
193.56
193.56
193.58
193.61
193.63
193.65
193.67
193.67
193.69
193.71
193.71
193.78
193.80
193.82
193.82
193.84
193.86
193.86
193.88
193.90
193.93
193.95
194.03
194.05
194.07
194.10
194.12
194.12
194.14
194.16
194.18
194.18
194.20
194.27
194.27
194.29
194.31
194.33
194.33
194.35
194.37
194.39
194.54
194.57
194.57
194.59
194.61
194.63
194.65
194.65
194.67
194.80
194.82
194.82
194.84
194.86
194.86
194.89
195.03
195.06
195.08
195.10
195.12
195.12
195.14
195.16
195.16
195.18
195.29
195.31
195.31
195.33
195.35
195.38
195.80
195.82
195.85
196.02
196.02
196.04
196.06
196.08
196.10
196.10
196.12
196.14
196.17
196.17
196.19
196.21
196.23
196.25
196.25
196.27
196.29
196.31
196.31
196.34
196.36
196.38
196.40
196.42
196.42
196.44
196.46
196.46
196.49
196.51
196.53
196.55
196.57
196.57
196.59
196.61
196.61
196.63
196.66
196.68
196.70
196.72
196.72
196.74
196.76
196.76
196.78
196.81
196.83
196.85
196.87
196.87
196.89
196.91
196.91
196.93
196.95
196.98
197.00
197.02
197.02
197.04
197.06
197.08
197.08
197.10
197.13
197.15
197.17
197.17
197.19
197.21
197.21
197.23
197.25
197.27
197.30
197.32
197.32
197.34
197.36
197.38
197.38
197.40
197.42
197.45
197.47
197.47
197.49
197.51
197.53
197.53
197.55
197.57
197.59
197.62
197.62
197.64
197.66
197.68
197.70
197.70
197.72
197.74
197.77
197.77
197.79
197.81
197.83
197.85
197.85
197.87
197.89
197.91
197.91
197.94
197.96
197.98
198.00
198.02
198.02
198.04
198.06
198.06
198.09
198.11
198.13
198.15
198.17
198.17
198.19
198.21
198.21
198.23
198.26
198.28
198.30
198.32
198.32
198.34
198.36
198.36
198.38
198.41
198.43
198.45
198.47
198.47
198.49
198.51
198.51
198.53
198.55
198.58
198.60
198.62
198.62
198.64
198.66
198.66
198.68
198.70
198.73
198.75
198.77
198.77
198.79
198.81
198.81
198.83
198.85
198.87
198.90
198.92
198.92
198.94
198.96
198.98
198.98
199.00
199.02
199.05
199.07
199.07
199.09
199.11
199.13
199.13
199.15
199.17
199.19
199.22
199.22
199.24
199.26
199.28
199.30
199.30
199.32
199.34
199.37
199.37
199.39
199.41
199.43
199.45
199.45
199.47
199.49
199.51
199.51
199.54
199.56
199.58
199.60
199.62
199.62
199.64
199.66
199.66
199.69
199.71
199.73
199.75
199.77
199.77
199.79
199.81
199.81
199.83
199.86
199.88
199.90
199.92
199.92
199.94
199.96
199.96
199.98
200.01
200.03
200.05
200.07
200.07
200.09
200.11
200.11
200.13
200.15
200.18
200.20
200.22
200.22
200.24
200.26
200.26
200.28
200.30
200.33
200.35
200.37
200.37
200.39
200.41
200.41
200.43
200.45
200.47
200.50
200.52
200.52
200.54
200.56
200.58
200.58
200.60
200.62
200.65
200.67
200.67
200.69
200.71
200.73
200.73
200.75
200.77
200.79
200.82
200.82
200.84
200.86
200.88
200.90
200.90
200.92
200.94
200.97
200.97
200.99
201.01
201.03
201.05
201.05
201.07
201.09
201.11
201.11
201.14
201.16
201.18
201.20
201.22
201.22
201.24
201.26
201.26
201.29
201.31
201.33
201.35
201.37
201.37
201.39
201.41
201.41
201.43
201.46
201.48
201.50
201.52
201.52
201.54
201.56
201.56
201.58
201.61
201.63
201.65
201.67
201.67
201.69
201.71
201.71
201.73
201.75
201.78
201.80
201.82
201.82
201.84
201.86
201.86
201.88
201.90
201.93
201.95
201.97
201.97
201.99
202.01
202.01
202.03
202.05
202.07
202.10
202.12
202.12
202.14
202.16
202.18
202.18
202.20
202.22
202.25
202.27
202.27
202.29
202.31
202.33
202.33
202.35
202.37
202.39
202.42
202.44
202.44
202.46
202.48
202.50
202.50
202.52
202.54
202.57
202.57
202.59
202.61
202.63
202.65
202.65
202.67
202.69
202.71
202.71
202.74
202.76
202.78
202.80
202.82
202.82
202.84
202.86
202.89
202.89
202.91
202.93
202.95
202.97
202.97
203.01
203.01
203.03
203.06
203.08
203.10
203.12
203.14
203.14
203.16
203.16
203.18
203.21
203.23
203.25
203.27
203.27
203.29
203.31
203.31
203.33
203.35
203.38
203.40
203.42
203.42
203.44
203.46
203.46
203.48
203.50
203.53
203.55
203.57
203.58
203.59
203.61
203.61
203.63
203.65
203.67
203.70
203.72
203.72
203.74
203.76
203.78
203.78
203.80
203.82
203.85
203.87
203.87
203.89
203.91
203.93
203.93
203.95
203.97
203.99
204.02
204.02
204.04
204.06
204.08
204.10
204.10
204.12
204.14
204.17
204.17
204.19
204.21
204.23
204.25
204.25
204.27
204.29
204.31
204.31
204.34
204.36
204.38
204.40
204.42
204.42
204.44
204.46
204.46
204.49
204.51
204.53
204.55
204.57
204.57
204.59
204.61
204.61
204.63
204.66
204.68
204.70
204.72
204.72
204.74
204.76
204.76
204.78
204.81
204.83
204.85
204.87
204.87
204.89
204.91
204.91
204.93
204.95
204.98
205.00
205.02
205.02
205.04
205.06
205.06
205.08
205.10
205.13
205.15
205.17
205.17
205.19
205.21
205.21
205.23
205.25
205.27
205.30
205.32
205.34
205.34
205.36
205.38
205.38
205.40
205.42
205.45
205.47
205.47
205.49
205.51
205.53
205.53
205.55
205.57
205.59
205.62
205.62
205.64
205.66
205.68
205.70
205.70
205.72
205.74
205.77
205.77
205.79
205.81
205.83
205.85
205.85
205.87
205.89
205.91
205.94
205.94
205.96
205.98
206.00
206.02
206.02
206.04
206.06
206.06
206.09
206.11
206.13
206.15
206.17
206.17
206.19
206.21
206.21
206.23
206.26
206.28
206.30
206.32
206.32
206.34
206.36
206.36
206.38
206.41
206.43
206.45
206.47
206.47
206.49
206.51
206.53
206.53
206.55
206.58
206.60
206.62
206.62
206.64
206.66
206.66
206.68
206.70
206.73
206.75
206.77
206.77
206.79
206.81
206.81
206.83
206.85
206.87
206.90
206.92
206.92
206.94
206.96
206.98
206.98
207.00
207.02
207.05
207.07
207.07
207.09
207.11
207.13
207.13
207.15
207.17
207.19
207.22
207.22
207.24
207.26
207.28
207.30
207.30
207.32
207.34
207.37
207.37
207.39
207.41
207.43
207.45
207.45
207.47
207.49
207.51
207.51
207.54
207.56
207.58
207.60
207.62
207.62
207.64
207.66
207.66
207.69
207.71
207.73
207.75
207.77
207.77
207.79
207.81
207.81
207.83
207.86
207.88
207.90
207.92
207.92
207.94
207.96
207.96
207.98
208.01
208.03
208.05
208.07
208.07
208.09
208.11
208.11
208.13
208.15
208.18
208.20
208.22
208.22
208.24
208.26
208.26
208.28
208.30
208.33
208.35
208.37
208.37
208.39
208.41
208.41
208.43
208.45
208.47
208.50
208.52
208.52
208.54
208.56
208.58
208.58
208.60
208.62
208.65
208.67
208.67
208.69
208.71
208.73
208.73
208.75
208.77
208.79
208.82
208.82
208.84
208.86
208.88
208.90
208.90
208.92
208.94
208.97
208.97
208.99
209.01
209.03
209.05
209.05
209.07
209.09
209.11
209.14
209.14
209.16
209.18
209.20
209.22
209.22
209.24
209.26
209.26
209.29
209.31
209.33
209.35
209.37
209.37
209.39
209.41
209.41
209.43
209.46
209.48
209.50
209.52
209.52
209.54
209.56
209.56
209.58
209.61
209.63
209.65
209.67
209.67
209.69
209.71
209.71
209.73
209.75
209.78
209.80
209.82
209.84
209.84
209.86
209.86
209.88
209.90
209.93
209.95
209.97
209.99
209.99
210.01
210.01
210.03
210.05
210.07
210.10
210.12
210.12
210.14
210.16
210.18
210.18
210.20
210.22
210.25
210.27
210.27
210.29
210.31
210.33
210.33
210.35
210.37
210.39
210.42
210.44
210.44
210.46
210.48
210.50
210.50
210.52
210.54
210.57
210.57
210.59
210.61
210.63
210.65
210.65
210.67
210.69
210.71
210.71
210.74
210.76
210.78
210.80
210.82
210.82
210.84
210.86
210.86
210.89
210.91
210.93
210.95
210.97
210.97
210.99
211.01
211.01
211.03
211.06
211.08
211.10
211.12
211.12
211.14
211.16
211.16
211.18
211.21
211.23
211.25
211.27
211.27
211.29
211.31
211.33
211.33
211.35
211.38
211.40
211.42
211.44
211.44
211.46
211.46
211.48
211.50
211.53
211.55
211.57
211.58
211.59
211.61
211.61
211.63
211.65
211.67
211.70
211.72
211.72
211.74
211.76
211.78
211.78
211.80
211.82
211.85
211.87
211.89
211.89
211.91
211.93
211.93
211.95
211.97
211.99
212.02
212.04
212.04
212.06
212.08
212.10
212.10
212.12
212.14
212.17
212.17
212.19
212.21
212.23
212.25
212.25
212.27
212.29
212.31
212.34
212.34
212.36
212.38
212.40
212.42
212.42
212.44
212.46
212.46
212.49
212.51
212.53
212.55
212.57
212.57
212.59
212.61
212.61
212.63
212.66
212.68
212.70
212.72
212.72
212.74
212.76
212.78
212.78
212.81
212.83
212.85
212.87
212.87
212.89
212.91
212.91
212.93
212.95
212.98
213.00
213.02
213.04
213.04
213.06
213.06
213.08
213.10
213.13
213.15
213.17
213.17
213.19
213.21
213.23
213.23
213.25
213.27
213.30
213.32
213.32
213.34
213.36
213.38
213.38
213.40
213.42
213.45
213.47
213.47
213.49
213.51
213.53
213.53
213.55
213.57
213.59
213.62
213.62
213.64
213.66
213.68
213.70
213.70
213.72
213.74
213.77
213.79
213.79
213.81
213.83
213.85
213.85
213.87
213.89
213.91
213.94
213.94
213.96
213.98
214.00
214.02
214.02
214.04
214.06
214.06
214.09
214.11
214.13
214.15
214.17
214.17
214.19
214.21
214.23
214.23
214.26
214.28
214.30
214.32
214.34
214.34
214.36
214.38
214.38
214.41
214.43
214.45
214.47
214.49
214.49
214.51
214.51
214.53
214.55
214.58
214.60
214.62
214.62
214.64
214.66
214.68
214.68
214.70
214.73
214.75
214.77
214.77
214.79
214.81
214.81
214.83
214.85
214.87
214.90
214.92
214.94
214.94
214.96
214.98
214.98
215.00
215.02
215.05
215.07
215.09
215.09
215.11
215.13
215.13
215.15
215.17
215.19
215.22
215.24
215.24
215.26
215.28
215.30
215.30
215.32
215.34
215.37
215.38
215.39
215.41
215.43
215.45
215.45
215.47
215.49
215.51
215.53
215.54
215.56
215.58
215.60
215.62
215.62
215.64
215.66
215.66
215.69
215.71
215.73
215.75
215.77
215.77
215.79
215.81
215.83
215.83
215.86
215.88
215.90
215.92
215.92
215.94
215.96
215.98
215.98
216.01
216.03
216.05
216.07
216.07
216.09
216.11
216.13
216.13
216.15
216.18
216.20
216.22
216.22
216.24
216.26
216.28
216.28
216.30
216.33
216.35
216.37
216.39
216.39
216.41
216.41
216.43
216.45
216.47
216.50
216.52
216.54
216.54
216.56
216.58
216.58
216.60
216.67
216.67
216.69
216.71
216.71
216.73
216.75
216.75
216.77
216.79
216.82
216.84
216.86
216.86
216.88
216.90
216.90
216.92
216.94
216.97
216.99
217.01
217.01
217.03
217.05
217.05
217.07
217.09
217.11
217.14
217.16
217.16
217.18
217.20
217.22
217.22
217.24
217.26
217.29
217.31
217.31
217.33
217.35
217.37
217.37
217.39
217.41
217.43
217.46
217.46
217.48
217.50
217.52
217.54
217.54
217.56
217.58
217.61
217.61
217.63
217.65
217.67
217.69
217.69
217.71
217.73
217.75
217.75
217.78
217.80
217.82
217.84
217.86
217.86
217.88
217.90
217.90
217.93
217.95
217.97
217.99
218.01
218.01
218.03
218.05
218.05
218.07
218.10
218.12
218.14
218.16
218.16
218.18
218.20
218.20
218.22
218.25
218.27
218.29
218.31
218.31
218.33
218.33
218.35
218.37
218.39
218.42
218.44
218.44
218.46
218.48
218.50
218.50
218.52
218.54
218.57
218.59
218.61
218.61
218.63
218.65
218.65
218.67
218.69
218.71
218.74
218.76
218.76
218.78
218.80
218.82
218.82
218.84
218.86
218.89
218.91
218.91
218.93
218.95
218.97
218.97
218.99
219.01
219.03
219.06
219.06
219.08
219.10
219.12
219.14
219.14
219.16
219.18
219.21
219.21
219.23
219.25
219.27
219.29
219.29
219.31
219.33
219.35
219.35
219.38
219.40
219.42
219.44
219.46
219.46
219.48
219.50
219.50
219.53
219.55
219.57
219.59
219.61
219.61
219.63
219.65
219.65
219.67
219.70
219.72
219.74
219.76
219.76
219.78
219.80
219.80
219.82
219.85
219.87
219.89
219.91
219.91
219.93
219.95
219.95
219.97
219.99
220.02
220.04
220.06
220.06
220.08
220.10
220.10
220.12
220.14
220.17
220.19
220.21
220.21
220.23
220.25
220.25
220.27
220.29
220.31
220.34
220.36
220.36
220.38
220.40
220.42
220.42
220.44
220.46
220.49
220.51
220.51
220.53
220.55
220.57
220.57
220.59
220.61
220.63
220.66
220.66
220.68
220.70
220.72
220.74
220.74
220.76
220.78
220.81
220.81
220.83
220.85
220.87
220.89
220.89
220.91
220.93
220.95
220.95
220.98
221.00
221.02
221.04
221.06
221.06
221.08
221.10
221.10
221.13
221.15
221.17
221.19
221.21
221.21
221.23
221.25
221.25
221.27
221.30
221.32
221.34
221.36
221.36
221.38
221.40
221.40
221.42
221.45
221.47
221.49
221.51
221.51
221.53
221.55
221.55
221.57
221.59
221.62
221.64
221.66
221.66
221.68
221.70
221.70
221.72
221.74
221.77
221.79
221.81
221.81
221.83
221.85
221.85
221.87
221.89
221.91
221.94
221.96
221.96
221.98
222.00
222.02
222.02
222.04
222.06
222.09
222.11
222.11
222.13
222.15
222.17
222.17
222.19
222.21
222.23
222.26
222.26
222.28
222.30
222.32
222.34
222.34
222.36
222.38
222.41
222.41
222.43
222.45
222.47
222.49
222.49
222.51
222.53
222.55
222.55
222.58
222.60
222.62
222.64
222.66
222.66
222.68
222.70
222.70
222.73
222.75
222.77
222.79
222.81
222.81
222.83
222.85
222.85
222.87
222.90
222.92
222.94
222.96
222.96
222.98
223.00
223.00
223.02
223.05
223.07
223.09
223.11
223.11
223.13
223.15
223.15
223.17
223.19
223.22
223.24
223.26
223.26
223.28
223.30
223.30
223.32
223.34
223.37
223.39
223.41
223.41
223.43
223.45
223.45
223.47
223.49
223.51
223.54
223.56
223.56
223.58
223.60
223.62
223.62
223.64
223.66
223.69
223.71
223.71
223.73
223.75
223.77
223.77
223.79
223.81
223.83
223.84
223.86
223.88
223.90
223.92
223.94
223.94
223.96
223.98
224.01
224.01
224.03
224.05
224.07
224.09
224.09
224.11
224.13
224.15
224.15
224.18
224.20
224.22
224.24
224.26
224.26
224.28
224.30
224.30
224.33
224.35
224.37
224.39
224.41
224.41
224.43
224.45
224.45
224.47
224.50
224.52
224.54
224.56
224.56
224.58
224.60
224.60
224.62
224.65
224.67
224.69
224.71
224.71
224.73
224.75
224.75
224.77
224.79
224.82
224.84
224.84
224.86
224.88
224.90
224.90
224.92
224.94
224.97
224.99
225.01
225.01
225.03
225.05
225.05
225.07
225.09
225.11
225.14
225.16
225.16
225.18
225.20
225.22
225.22
225.24
225.26
225.29
225.31
225.31
225.33
225.35
225.37
225.37
225.39
225.41
225.43
225.46
225.46
225.48
225.50
225.52
225.54
225.54
225.56
225.58
225.61
225.61
225.63
225.65
225.67
225.69
225.69
225.71
225.73
225.75
225.75
225.78
225.80
225.82
225.84
225.86
225.86
225.88
225.90
225.90
225.93
225.95
225.97
225.99
226.01
226.01
226.03
226.05
226.05
226.07
226.10
226.12
226.14
226.16
226.16
226.18
226.20
226.20
226.22
226.25
226.27
226.29
226.31
226.31
226.33
226.35
226.35
226.37
226.39
226.42
226.44
226.46
226.46
226.48
226.50
226.50
226.52
226.54
226.57
226.59
226.61
226.61
226.63
226.65
226.65
226.67
226.69
226.71
226.74
226.76
226.76
226.78
226.80
226.82
226.82
226.84
226.86
226.89
226.91
226.91
226.93
226.95
226.97
226.97
226.99
227.01
227.03
227.06
227.06
227.08
227.10
227.12
227.14
227.14
227.16
227.18
227.21
227.21
227.23
227.25
227.27
227.29
227.29
227.31
227.33
227.35
227.35
227.38
227.40
227.42
227.44
227.46
227.46
227.48
227.50
227.50
227.53
227.55
227.57
227.59
227.61
227.61
227.63
227.65
227.65
227.67
227.70
227.72
227.74
227.76
227.76
227.78
227.80
227.80
227.82
227.85
227.87
227.89
227.91
227.91
227.93
227.95
227.95
227.97
227.99
228.02
228.04
228.06
228.06
228.08
228.10
228.10
228.12
228.14
228.17
228.19
228.21
228.21
228.23
228.25
228.25
228.27
228.29
228.31
228.34
228.36
228.36
228.38
228.40
228.46
228.49
228.51
228.51
228.53
228.55
228.61
228.63
228.66
228.66
228.68
228.70
228.72
228.74
228.74
228.76
228.78
228.81
228.81
228.83
228.85
