7.88
8.88
9.86
10.82
11.83
12.85
13.85
14.83
15.86
16.84
17.86
18.85
19.85
20.85
21.85
22.86
23.82
24.31
24.82
25.31
25.82
26.31
26.82
27.31
27.83
28.45
28.94
29.85
30.83
31.84
32.33
32.84
33.82
34.40
34.89
35.63
36.83
37.85
38.86
39.82
40.31
40.82
41.31
41.82
42.35
42.85
43.36
43.85
44.36
44.85
45.36
45.85
46.34
46.86
47.35
47.86
48.35
48.86
49.35
49.84
50.35
50.87
51.36
51.87
52.36
52.87
53.36
53.85
54.37
54.86
55.37
55.88
56.37
56.88
57.37
57.86
58.38
58.87
59.38
59.87
60.38
60.87
61.36
61.87
62.37
62.88
63.37
63.88
64.37
64.88
65.39
65.89
66.40
66.91
67.42
67.93
68.42
68.94
69.45
69.96
70.47
71.11
71.60
72.11
72.63
73.12
73.63
74.14
74.65
75.14
75.63
76.15
76.66
77.17
77.68
78.17
78.69
79.20
79.71
80.22
80.73
81.22
81.74
82.25
82.76
83.27
83.76
84.27
84.79
85.30
85.81
86.32
86.81
87.33
87.84
88.35
88.86
89.37
89.86
90.38
90.89
91.40
91.91
92.40
92.91
93.43
93.94
94.43
94.94
95.45
95.94
96.46
96.97
97.48
97.99
98.50
98.99
99.51
100.02
100.51
101.02
101.53
102.05
102.56
103.07
103.56
104.07
104.58
105.10
105.61
106.12
106.61
107.12
107.61
108.13
108.64
109.15
109.66
110.17
110.66
111.18
111.69
112.18
112.69
113.20
113.69
114.21
114.72
115.23
115.74
116.23
116.74
117.26
117.75
118.26
118.83
119.35
119.86
120.37
120.86
121.37
121.89
122.40
122.91
123.40
123.91
124.40
124.89
125.41
125.92
126.43
126.94
127.43
127.94
128.46
128.97
129.48
129.99
130.48
130.99
131.49
132.00
132.51
133.02
133.51
134.02
134.58
135.09
135.60
136.09
136.61
137.12
137.61
138.12
138.63
139.14
139.66
140.17
140.66
141.17
141.68
142.19
142.69
143.20
143.71
144.22
144.73
145.22
145.80
146.31
146.82
147.34
147.85
148.36
148.85
149.36
149.87
150.37
150.88
151.39
151.90
152.41
152.90
153.42
153.93
154.44
154.95
155.44
155.95
156.47
156.96
157.47
157.98
158.49
158.98
159.50
160.01
160.52
161.03
161.52
162.03
162.55
163.04
163.55
164.06
164.57
165.06
165.58
166.09
166.60
167.11
167.60
168.11
168.63
169.14
169.65
170.16
170.65
171.17
171.68
172.19
172.70
173.21
173.70
174.22
174.71
175.22
175.73
176.24
176.75
177.25
177.76
178.27
178.80
179.34
179.83
180.34
180.85
181.36
181.87
182.39
182.88
183.39
183.90
184.41
184.90
185.42
185.93
186.44
186.95
187.44
187.95
188.47
188.98
189.49
190.00
190.49
191.01
191.58
192.09
192.58
193.10
193.59
194.10
194.61
195.12
195.61
196.13
196.64
197.15
197.66
198.17
198.66
199.18
199.82
200.31
200.82
201.33
201.84
202.33
202.85
203.36
203.87
204.38
204.89
205.38
205.90
206.41
206.92
207.43
207.92
208.43
208.95
209.46
209.95
210.46
210.97
211.46
211.98
212.49
213.00
213.51
214.00
214.51
215.03
215.52
216.03
216.54
217.03
217.52
218.03
218.55
219.06
219.57
220.06
220.57
221.09
221.60
222.11
222.62
223.13
223.62
224.14
224.65
225.16
225.67
226.16
226.67
227.19
227.68
228.19
228.70
229.21
229.73
230.22
230.73
231.24
231.75
232.26
